"V1","V2"
-2.22462370622795,0.155633977664331
-3.08405128864386,-0.0934994860396277
-1.80042753587113,1.89361540884545
-0.702753271310635,1.97900303297622
-3.10957407569813,0.969510628444791
-1.12765087397218,-0.097075534101863
-2.95022163345689,-4.49783764129687
-4.06347209488814,-6.45738931843572
7.29629672327162,0.178695269634251
0.276345379204556,1.67346425325716
-2.53451226964929,2.96478549751162
-0.798599068239564,3.09965716181186
-4.05637610499601,0.92861960801722
-2.42037351742748,2.86535851634503
-6.02655293219521,1.88273586136167
-1.07459467904306,1.96485177894276
3.72465792166303,3.14008302261541
-5.81383615851759,1.37355630495637
2.56423160356746,1.17658850378834
2.82209477079235,3.51224635112508
-3.70182490942671,-0.12716483053817
-0.923109207339972,-1.00535291102692
-2.9828191076405,2.23532747408434
-2.96172067678768,-4.71506176377732
-1.66306526874789,2.60316091928425
-2.36977107556203,-0.32595987413422
-1.66529277174402,-1.38860382822964
5.43449300688713,0.879134273844559
-4.39342331561031,0.698277039190436
-6.8288312555059,2.91928096694689
-3.74946329535797,-2.22321796221532
-1.26168077814533,-7.63123467132824
-2.7356273930223,0.405384183891487
-1.66074432103366,-0.686459557124467
-4.86016124424243,1.11129358840394
-1.66300103973594,-1.2070578874341
1.10024576754852,1.66173257729949
4.04033408489575,-0.650401210429036
-2.93132815607197,-1.69462342677256
-2.995254585251,0.342841394351772
0.343314373006747,1.65445513556867
-2.63556717218637,-2.52366440425032
-1.57710386521882,1.97311713736324
-4.48121407255165,-4.42896246203139
-0.598951101324523,-0.535163678988186
0.945336746118895,-1.06783476932482
6.005133256553,0.639503163802001
-5.26451331414403,0.472064921152909
0.102803225020934,0.536677580551578
-5.14704010641231,0.00974081528086346
-2.37460125012315,2.75567225872104
-1.77700938703917,2.44521211115749
-4.31923372488371,2.58850711797139
-2.27020893255875,-7.96459291047496
6.2493293625837,0.813925523089515
-4.88549177369123,2.01735960094576
2.19830967051251,1.31275599141546
0.171631758673709,0.989299588106723
-1.43285430107894,2.02369645989466
2.28731771504839,0.556613824397992
-1.62051695037155,1.94896386340473
-1.00422755483643,-0.740019185543348
-2.73830188306538,1.8381851934996
-0.1035398882062,-0.920870615469917
-1.69725252945225,3.02319767908818
-3.29609961959491,-4.58821520019438
-3.49460006680952,1.00722816250558
0.573426572400752,0.00820713765383818
-3.35484671272021,1.20714145740104
-1.8225987926998,2.4683022162415
-3.23344200199778,0.683653183407534
-1.79005051264518,1.49104756744568
-3.09746146815758,1.11367032617163
-5.14834272395423,0.511806078382188
-2.5149145501604,0.217217933356258
5.28551494986291,-0.129055676418237
7.01066908715021,-0.318869188135994
0.237953947731542,0.85577058626583
-0.442596694045296,-0.55734321734981
-2.53849872053194,0.667556324529123
-2.10838619455943,-0.172219670081444
-5.45511100243688,-3.10935678205089
-2.96911031906108,2.09477932885562
-3.92757690722346,-7.51032849258535
-0.746670598185328,2.16805599117623
-5.29588212458815,-6.00130917663962
-1.33125684108149,-7.97776122611445
-0.249904628727022,5.26371061137989
-0.865234713438633,-0.749270775444046
-2.16111079921183,-6.99669291216431
4.07314149494566,2.68279700605921
-2.19476186283325,-6.70080115325052
-2.74380377492676,-1.32819815417556
0.843946195905848,-1.37575375839835
-1.61987832425741,-0.371415692003176
-1.48091629787125,3.61861492877689
2.64246528185927,2.34639807086589
-3.59469053383823,0.501970394173962
-3.45393807174845,-8.19078634482599
-0.913732075893329,2.37811516305968
-3.20559970278704,0.3018158993065
5.64014356286509,-0.838028071956066
0.172202397934207,-1.29763725178377
-1.78303770805529,-7.00274661033489
-3.81182692112146,-0.301603196914109
-2.10216989456718,2.10774568671489
-1.82120626093931,1.85944502722114
-1.35293458497386,1.41724052995185
-7.67374328552689,-6.12003357722573
-4.28313623822352,0.107408713148908
-2.40798280536641,-7.60185577875188
-1.80753817121392,-7.66538774136425
2.02416354457338,-0.667635708568129
1.32625525550341,-2.94561844963788
-3.03051607512575,-5.15972637955636
-2.85366488515654,0.607287568407126
0.142106160789016,3.4772140705924
0.378892312564194,1.00161126999775
-3.05302720226466,1.57108927227433
-3.56395098407511,-6.70047319236374
-3.36298557685944,3.15251217903249
-3.12754014442558,-1.85850315174895
-2.79959043226268,0.64856711455074
-3.0389604738154,0.725846761699328
0.286714481890314,1.21176594384598
4.19186082839945,-0.534162963468809
-6.11152696099875,-3.990794182214
-3.09920827198458,-0.0773264940941046
2.11748194233029,2.87744349691969
-6.04370840926708,0.990453774848808
-5.44153128667023,-9.03902270104225
-2.08772053239253,0.424802029738745
-0.0931708818167346,-5.8623346169783
-2.59923157920575,2.98720208714929
0.796099828330554,2.88370264446069
-0.392541851855325,1.37446750137643
-2.66726576195284,2.45536185501944
-1.01556872150247,1.8761322993725
-3.17768586437826,-7.71963406522972
-2.19667850168063,2.62244039412795
-1.70249489791649,-0.427548778318374
-5.25280192488894,-3.2484966687096
0.976340378410082,4.10049786272833
-3.38799899240021,0.0435886963064958
-1.86279755577836,0.0356825265227043
4.8470829300226,-0.134152758054471
-5.0329018637364,1.05683468310219
-2.07950963316665,0.0701752999764853
2.3935308800603,1.45616744007262
-5.31014621934405,-4.53844120545265
-4.8958255009782,0.335367468487682
-6.00104763314347,-0.050708117843144
-0.996716121713778,0.0573347350870037
-0.805586598509548,1.4693110476355
3.42977434241235,0.822145611275662
-2.00747047744125,1.98773596488223
-0.893080249418316,2.08544899079635
-1.78231198165143,1.0420889473518
-2.20171876330252,0.596012501247999
-1.71331748499754,-1.5923924475863
-5.42911703449512,-5.55653130796424
-6.33451314226292,-3.86570118141597
-2.80127385946975,1.02949910803425
-0.685128933599723,1.80401129743866
-3.00510927632289,-1.57251763329423
-0.0711196802865364,-0.275832611867221
-2.91228640726801,-0.324424665456589
0.720249853203192,0.399158442178612
-0.998500017860406,1.9636130421567
-4.50745728033461,-9.00232520891609
-0.861517948186318,-0.0227451073450817
-3.10465554573735,-5.71545067700165
-4.89643249973638,-7.09367484585246
-2.41921242316103,0.0979519664097531
5.89520245579957,-0.0454447035140777
-1.76332005996007,1.90936265992928
-2.41949508336792,-7.04155987295422
-2.91097684306557,-2.25058848259736
-2.41229828791155,-0.206940499678453
-1.40901918025985,-1.08822893906265
-3.12315693261599,0.194076605754822
2.8800444045889,1.43543912409007
-1.74873014317428,2.34863971192828
-3.83819921821454,-2.42374325227543
2.28693922860525,5.67691557027621
-0.578905700455489,1.697583346849
-2.11433357726154,1.30139005192285
-3.47422239120301,0.950306012034082
-0.312420538977897,0.0503536940506101
0.158025371863114,2.9283520748281
1.18496328562884,3.12078116350304
1.99753336756945,0.276665269355634
-5.0097214661996,-8.94910799167184
-2.20127129831959,0.341621770073056
-5.18615182572909,0.676000757360525
0.337276518026243,-6.10275113783324
2.08135248110141,3.11603154831152
-2.88725716486936,-1.63644784918618
-2.32460638072858,-1.06778965098751
-2.2748173882526,-5.36230235787377
-4.77563470944359,-3.09781125894433
1.96894773709866,2.86551222934559
-1.04419602158133,-0.427363013555525
-3.40144586524135,0.136817116417433
2.41125937274859,-0.861699265973699
-1.68362393261674,-0.480236486208287
-2.07502470807453,1.20671934369326
-0.900767249045634,1.70202440397461
-3.04366509122659,0.512239005276599
-0.346382142534048,2.26243428957837
-0.510620447720332,0.770438772392534
-4.10228942159865,1.49341476069247
-4.49865601910273,-3.63488054551967
-1.22836326916029,-6.03571838604496
-2.41698794060153,-6.15751079834814
4.47901537951479,0.742737076701457
-4.58001261079644,-0.737897354183489
-1.66946266598479,3.06934958134709
-4.73774967493597,1.83969578886073
-6.49318852977339,0.894949715007266
-5.68608035488653,-5.0212391105064
-5.45135221031861,0.311151007839769
-5.37320856019044,0.816296376717467
-0.316975955796438,2.08627650615873
-2.41170903474998,0.153072960300272
-4.34891552511711,0.346101763246472
-0.454932930258785,2.43854270143865
-5.27150219759714,4.70300922761117
3.63937498187005,-0.10638897097387
0.0622188403115596,-0.541419663842838
1.99802992996728,4.35927939835399
2.22438169145679,4.12465431801438
-3.57205530882981,1.30041379351509
-0.505212925263728,1.95847499682543
-0.996067093842456,2.16305721252801
-3.33705141996836,-6.42265779910647
-2.89415455852531,0.245212499778668
-2.93392145321088,-2.11863241250909
4.77822445536659,0.981461154427285
1.60077989950055,-0.332830225401378
-2.08911762156297,2.39194353234332
-3.40906133128189,0.968792046897419
6.22124291522286,1.18698216575926
-1.31636932243591,2.81533931570497
-2.08411001529349,0.560826113451114
-4.62302255096673,1.88452056274489
1.31686311246315,-1.28675212340149
-1.90074973997649,-5.76569621946069
-1.97411203056456,1.47166192918821
-0.538803019184222,0.908685260231068
-2.71211231746497,-1.43827307764186
5.00820957505295,0.147887802612804
-1.29411602468683,0.884669715128755
3.70607134243589,-2.47256989044512
-2.54817166366161,-1.85061922455327
-0.898077757638587,2.45106647881801
-4.29049880673699,0.522811552919688
-4.3118072027245,-0.222536135188603
-1.22640245760409,1.20448211685818
-2.59782047954834,-7.38786443661307
-3.16007594501928,0.74802094136273
-0.805000804425651,3.04943104537507
-2.52335367380629,0.626675283153187
-1.00869544936148,9.65434193101024
-1.9685042820694,-1.47060066340451
-3.23494280376932,-0.782974995480864
1.86368195342266,5.20435948638993
-2.22923148393739,-0.84188345452999
-2.41065371709968,3.27259591813715
1.91011695364849,4.92657188906202
-1.62080050794989,-1.26093654594071
-0.36796079522468,0.016828437286847
-1.60921983368089,0.272617200195128
-2.31295952335204,-0.10908054452418
-3.40397998261676,1.54801941746443
-5.169971464219,0.272702440788798
-4.50390611674587,2.00712847621896
-0.0648483284361145,0.844451868884032
3.88286274878421,1.25268748703461
-1.4830616769283,0.315352470233679
-2.2402954301069,-2.90532791481022
-2.81723099395799,-7.34599580002121
0.51627288343808,-4.20344568147801
-3.14639466345445,-0.115238169026502
-1.93308678873135,0.541315051346914
-0.248883615634287,0.968051199808841
-3.96188896532083,-8.41998920262541
0.116314685347911,0.810984732278726
-0.0487209304336167,1.96364666745484
5.20837742366622,-1.26903840744794
-3.5072269351065,-7.76283408384188
-3.52805335096697,0.318073997980435
-0.827761855119412,1.98678383574339
-1.83535152371083,2.74685093294597
-1.02005509439852,0.6442439543919
-1.46688170426935,-0.195650381556855
-5.53781790177942,0.456939193932297
1.02113338925063,1.02501447889196
-3.488396790715,3.1158288773398
-2.44783438022623,-0.958661801705833
-0.422983602047219,1.92584922213155
-7.53036125232637,1.02922232197519
-0.711587246917774,1.18856516701326
0.611541638905508,-0.548664646714499
-3.90341070671439,1.20474790981137
-3.75678929348847,-7.27919801193541
-6.51388386397639,-5.39059666713074
-0.750843608825498,0.296028302876403
-2.08557015888508,-0.631774329474598
-0.972580334896843,-0.453177636169463
-2.95014120419699,1.0878175233239
6.52142558384303,0.88165215240676
-0.098495735254815,-0.503184591500246
3.41093625333297,1.67687905384997
-3.94561391939906,-0.828450423747543
-0.473134584946289,-8.26146321052368
-5.20099276601795,0.201537670079705
-4.33780021833632,-2.60702311559167
-5.23503288124922,0.981445530832547
3.52063349963834,1.38783097053637
-2.59663267346366,-2.28009327692119
1.02223448494136,0.810162171077509
-3.98048119293494,0.505372168978389
-2.48173358176774,2.17445302310995
-2.60716128567599,-0.372557953653071
2.48147815718497,3.73633581668667
-3.60606720080892,0.699369716676205
-3.23109167601545,-6.58222427894085
-1.90139203544441,1.73015604406649
-1.91586941599005,0.766176084987847
-5.08061884983548,0.891475372169147
0.204285255303512,-0.85165460879621
-0.0848222246326991,0.81082377438176
3.17319089871247,1.78164066128586
-2.36409530878127,-0.468987473140512
-3.50632877589232,-0.406430238624762
-5.80403760665275,0.139425105672574
-3.31953071972112,-8.31265991536152
-1.8652579453532,0.297429186653021
-4.17490026865547,-0.19289502920639
-3.3444257772947,1.00133545876509
4.58024204401667,-1.29023730657283
-4.99066796662378,0.720195324427806
-0.411879708379598,6.29106452393088
-3.55093869813858,0.188915987630548
-1.24323975371758,-0.131121145792904
-2.74640188858295,0.0869266388761608
-3.84357552510984,1.33023742718216
1.71130901082409,-3.75141616515241
-0.746325070110067,2.49720781295628
-3.98251092206259,-0.41130958638223
-2.37947018960364,-2.25092747004711
-0.830473844502326,-0.529447355610877
-3.5567803302977,-0.584782423104038
4.42425340428542,-1.83305818066001
-2.46745577987534,-1.44291197098613
-3.84257282443812,1.76610868263073
-2.69796877814575,-1.45844722370602
-3.3406206111047,-5.74604765437616
-4.83420415301998,-8.46270016535118
-4.90549905487628,0.770330900073369
-3.98922956611947,0.102102650279086
-1.27454988380958,-6.70153891507137
-3.42665208187702,-0.965097015003294
-2.6959171287179,-0.65752838263599
-0.906309813678573,2.0873389259418
6.04794573560839,-0.200589124803311
-2.859819385645,-4.03773739389112
-6.08938271022637,0.323331580098064
-3.09544221376341,-8.03382405992592
-3.58241069620554,2.19315669426466
-3.3669173023171,0.575636608824088
3.70317677146161,0.971095785839111
-4.16544648497523,-3.33073346077121
-0.95638576570947,2.09145070480451
-4.4493700698197,1.02804771855999
-7.60610067073376,-0.189993660269327
-4.68544212688426,0.834777276684724
6.99066726477006,0.558176606350805
6.51610168208575,-1.51504546752043
-2.74822044998472,-3.07280527455885
-5.06316621305592,0.0318543363620752
6.20694068399107,0.468476386510909
5.21536528771984,-0.206523321204151
-1.22084864769787,2.89062187044224
-4.42810991963239,1.38457100849643
-2.61300809410205,-2.14432066493064
-0.96414292404151,0.455907648810392
-3.25535279346952,0.167902689677904
3.70104132248171,2.30518358505295
1.15113445692703,10.0673591028044
-3.65945481955813,1.61417311278133
-1.88785666351798,-8.26204758889989
-3.50414874244589,-6.03418416424571
-2.48555046537539,-0.391991557094794
3.92494071719081,1.14085989435244
0.00693379156332918,0.0816020829861415
-0.558452461319895,0.547172528047797
-1.24231825972762,2.83993552024423
1.66056013717712,2.99786858557088
-2.50835136197219,3.0113881620747
-0.0953641804229546,-0.44607885336365
-4.80065186798733,3.57375108529806
-2.81978542196391,-3.68881760501603
1.99453912848658,1.27204717692363
-5.95170847836863,0.303199110642628
-4.56620644076352,-0.496130724356022
-0.340007843107861,1.02481640146907
-4.40954818570035,1.13298650788901
0.465968199196424,0.613057388179128
-2.6027958124887,-1.51187521123851
8.91946788000729,2.39745289601737
-4.40187302653358,1.60749345133453
-0.389129802534772,0.011586204261944
-4.62856944915087,0.308892344276334
-6.0767245826858,-3.32981553466674
-0.643307962002135,1.82867368471898
-1.79818322390465,-7.14268481727581
-1.09656274697059,2.17343092436639
-4.67562233014746,-8.06305264115241
-1.05943987174566,1.74425842739629
-3.22367510989967,-8.11880749626227
-3.87544412537942,0.33446872424581
-2.65811581932335,-2.7114112494856
-3.89634215939296,0.889143932592651
-1.23932539371828,1.50741320138294
6.17532078105948,0.270911563428505
-2.83009307832662,-3.58211492772102
-3.12136613205227,-7.83245822475649
-1.37683747068843,0.310554490775616
-4.24313493688665,1.55004290645189
-3.75102317014163,0.251537632292869
2.73714354988276,0.746659876230673
1.44225461313931,0.0643684956150247
-4.30283248088976,-2.25077173483592
0.138975477549547,-1.89730202424305
-5.42323117177995,-5.36720634264555
0.980955006232252,5.9248714096932
-1.92924822655591,1.11501589033327
-6.78240812069932,-4.94910137933564
-0.295101608092844,-0.3151730928245
-2.81716648073691,0.388418092936921
-4.4313910945439,-0.267223737767425
3.50249591235946,2.76342632923333
-6.44206839244855,-1.07282420230191
-0.960141110659887,0.191956430194058
-5.42545321665853,-3.1121832825292
-4.32015821262557,1.02434213047634
3.57683190761211,-1.78759254082891
-5.28048794236582,0.169823075210921
-5.26393822921436,-4.50110802110347
-3.54438892459711,0.0735278190991263
-4.45552757949549,0.628094300694928
1.51332313704572,-0.0676275308587231
-3.3280873102307,-7.08193735518355
-0.590749995289737,0.082643303309848
-2.99073601406764,-0.415390854830738
-1.30818370285754,0.61313230833821
0.439658520299976,-1.1334029500523
-3.25892049807977,-6.9214802754766
-2.40150220449701,-0.923244176440608
-4.2504231760216,-7.86750103410031
-2.34214529170457,0.162871779330628
-1.09987718756277,1.79142397874002
-1.57919286816632,1.0648485952066
-2.8012286315201,-3.43158406630835
-5.77426846485843,0.767830451710159
-5.40981046060178,0.583973651608117
-6.91671318866139,1.70964085661656
-5.57749348803177,0.642742326499093
-0.308380347239227,1.69677553927653
-4.5811809342218,-6.45130548461677
1.77930385058516,-1.75738384096789
2.45470951827214,-0.146879528063114
-6.56702401958088,1.28558633862762
-2.0327716154231,-1.17045630627001
-4.24554484401278,-4.8683153411594
-2.36633824868487,-8.35352541109146
-2.82321721010478,-3.73194952760926
6.2498001440194,0.315600580354947
-3.82538876381119,0.583600116353777
4.60425709645299,0.41510848793229
3.83743274638082,8.84540354717463
-3.87489422244722,-5.64218266627202
-4.32766695818591,-1.27310388095369
6.09722519031633,-1.20798474485977
-6.13189020183569,1.0650191895372
-0.798740013536416,-7.54729288626809
1.85818723431307,4.66059028551538
-3.69746793256569,0.0772420053486481
-0.442377037914164,0.074293279681237
-3.31087814913935,-7.19195778106709
-3.24570710615899,0.666917755194158
-2.30535295698098,-0.16637714120851
-5.1178525153566,-7.68530325083962
-0.78300116884469,1.47923396882813
-3.47312556071733,-6.99915101182656
5.68908703150533,0.293456752121656
-2.17583275972805,-7.4244176797624
-2.24042168280801,-0.930170961733788
-3.75597797231056,-8.08025843771486
-2.25447527434315,0.152046801829267
-2.97658120659521,-7.79655965591496
9.5302522925158,1.1674957770843
3.90505944522337,-3.48182138048489
5.41952061958456,-0.942311352385978
-1.15130480271656,-1.42410645017015
4.57223552199266,0.443376000947855
0.079672136093849,-1.83709762396029
-0.600104311537248,0.806007256989413
-3.81924412055856,1.23744350627807
-4.54420960176181,0.198100302242229
-6.32322401865815,1.03167607655272
0.382114171083048,-1.66449579833004
4.68238448478433,1.37850714553821
-0.381302782451873,0.558655146533512
-7.10254947274238,1.64134363058982
-4.3342489209772,1.16904200390873
-5.26317807650494,0.957603572711732
0.544209742619374,-0.016262493567837
0.482880168287179,3.33127246150122
1.1376206859588,-1.37109878544656
-0.789935548588317,1.61297739174532
-0.576037478071163,-1.1083018215287
0.299439183314448,-5.59597748752523
-1.1328504242761,0.647884590030839
-2.53520641323583,2.84333218822045
-2.706455128819,-0.0691527176910006
-1.95734641500826,-1.86890263411559
-4.43504604144279,0.872124595059244
5.00675678568571,-0.987209092169008
-1.90762588975249,2.4060489630944
-7.93799468950505,-2.60584811004895
-5.38873841658623,-9.8374698168941
-2.86326643523074,-7.31959869072344
-2.88094538424241,-1.04979859409609
-2.33357200748383,-3.00794654771326
2.77606467130573,-1.2432383942391
-6.6594068197706,1.05758238242989
-3.89356181059236,1.83014785950075
-0.0600471975638371,0.895123652942706
0.0259416843050461,1.74814901127765
-0.913343163870522,1.0358798676244
5.78701112829947,-0.299469930886438
-0.167006486758385,2.10522544111982
-0.663118532601643,0.944677021891098
4.82179271382416,4.69449994901435
-5.28090224255063,-6.45842607414773
-4.93273065944622,1.61740155211714
-3.30796349212685,-7.04138201353391
-5.26205814695483,0.65599928645746
0.714749502884167,-0.153741282846955
-0.57063006915111,-0.436797393559679
-1.71015728446398,-1.13266282965793
-4.77086193041642,-9.21268616925492
-3.8711896466487,-0.795097281943707
-3.52619897789183,-7.63359222845646
5.39043420472127,-0.313525225837438
-1.85040855189329,-2.08589191133736
-0.304710127507736,1.83721720283749
-5.92588454478113,0.341288309878969
-0.57361293951958,2.26309058504803
-6.72716793199671,-2.80296338932332
2.01000501929553,-0.0364442800145115
-1.37293425550203,1.78173065518285
-0.956174640185409,2.11216640508268
-1.49619229712946,1.8078270682443
-4.60342255341975,-7.51945466124779
-2.42963723187704,-7.30094671971004
-3.68340156151647,-5.5268152130134
-1.98780197303103,2.66672363692645
-4.79228664039315,-5.00919764471305
-4.0238719789353,-7.35075107694049
-1.18576491009644,-0.652303496281775
-1.31855592028037,1.61577313834564
5.56088779070241,0.789666252016194
-2.56450867758345,-7.28835963854949
-1.84216783176311,1.91219862130988
-2.06876037824516,0.320717978165058
-4.69258906648607,0.354835046097549
-5.56678233258319,1.41911415593749
-1.33423089256606,-1.70586399341836
-0.708240730212614,0.107577747090868
3.76464661654552,0.370319730750933
-2.30392940011664,-1.03124720597121
-0.991052010960628,-0.0928632382906155
6.38440296966151,0.467640489496396
-2.75571506357634,0.282165443200587
-1.52507699820025,2.39138349913674
-2.53717247203148,-6.66914275097076
-1.43157833155312,-1.28484633061133
-3.8301110715361,3.32894610506631
-5.22908661424456,0.922899810754885
-1.28818403626339,-1.5602587646874
-1.97889465508065,0.692240137025937
-4.22711916625812,0.867292621864086
-2.63102445999744,0.644387147211294
-5.38676457699612,-2.26555733509904
-1.06786147628535,1.78850358989258
0.492140802090006,2.6157930838145
-0.85437375252938,1.03378453571003
8.195712689225,1.19370205879757
-2.76153957545595,-1.92197899984916
-1.85650398298691,1.81214197877241
-3.64507590360817,-8.51852890841612
-4.18835057009624,2.40472956446124
-0.184724145675041,0.727333487366186
-4.80937722246711,-3.2730309675928
-2.90622214379976,-8.41428977492728
2.07344608141832,0.130377418662061
-0.718653351555516,-1.20700109903722
-1.43916387040911,-0.365391674120458
-2.1930502383093,1.74245572868273
-1.49687089094482,0.240734649583706
-1.2918103507604,-7.33872973584636
-4.54188123047926,0.386690472894074
-6.2597809329835,-4.36266964626117
3.78120591920864,1.16840414880151
-6.1029178279758,-3.12733349465386
4.19435715635703,0.877263177837019
-3.73911379551062,0.993645899474541
-4.29658732711815,-4.79194481132465
-0.493872702972054,1.5782303177195
-3.25343982391775,-0.0844926339609466
-1.18315530741235,2.14144225635718
-2.5326429766168,1.9665715053768
2.80544918616195,1.81353303055885
6.74587265628002,-1.87628006973572
-3.69135232524249,0.826219318536502
3.85826555331859,1.16279230934092
-2.81067294240318,-3.38463700597183
-1.79519376477639,3.51618314815445
-0.751493328864639,1.55143540577241
-3.88090017115084,-7.22133517045106
-1.90986040507786,-1.14426244790064
-1.38031691203249,-0.762076905719384
-6.73056381651364,-0.248188208556029
-5.44740426167942,1.24800355312052
-1.04976598589652,0.384451041084345
0.638803378245933,-3.48005487893411
-1.70920048531083,2.17809978100262
-5.54365735736043,-0.103288603757226
-0.184086807150292,-1.98090806213921
-1.3527957187704,-6.22496162651046
7.67638491069317,-2.68002213479799
-1.11301687753524,2.24358283784543
2.43037262212747,-3.59350062851545
2.60508608582187,-0.426263723420786
-3.8582713410687,-2.31030123210724
3.57532295223685,0.662076262026138
-3.94341920100941,-2.2266536785023
0.311534740438674,1.81918864413781
-5.10993575527417,-5.06079979411795
-6.37655127760444,-5.53400665653575
-3.83255247799362,-6.60086354443114
-4.81084985131509,1.09672592557126
-5.11039713161609,-4.49263799855178
-2.76946540150715,-8.1443377320585
-4.38175077826396,0.440201887248925
-2.53759246861069,3.65281378913844
-4.99142983876493,0.875498725999455
0.397846867878988,1.85076357933278
-3.37473907316874,-0.29994497872435
-3.05494951416178,3.33789732790166
-2.73913245951469,-3.04927766660667
-1.77333859316027,0.0609221242191514
-1.13984600569219,-0.952618536721616
-4.83053932865488,1.22005644095101
-2.87068910404562,-3.99015939163151
-2.02757555244608,-1.84075622813485
-3.22557924126798,-2.07014096100146
-1.32971302281639,-7.22450489584854
-6.525217024664,-4.55484833029472
-2.76923400644793,2.64205036359787
-4.91889024131327,0.0213915028052907
-1.06556843801577,-0.543562467304872
-1.19672838618146,-0.572488746979992
-3.53092441792001,-8.22002628502551
-3.06543064290754,-7.11429918693965
-1.15458703401459,-0.897585839388185
-1.2671987098247,0.536523568123987
-3.01432025304685,1.34134609147314
-1.73228134941116,1.75729894758058
-2.14151740184626,0.339331327764285
-2.19311154285578,0.364107051619498
0.771210461982536,1.09001598711441
-4.61908071226977,-0.0277397973144702
-1.57040530587401,-1.24361573186958
-5.04802704596844,-8.75426699732687
-1.25392595002702,0.177722875421305
-5.67187968496936,-6.1838878349517
3.50974475410586,1.33143767834585
-4.43360603772007,-4.81558481197507
-1.69217212678185,-1.50777017187329
4.1215895976526,2.95021077368112
-5.63920362198814,0.398830158355368
-3.22170554563575,-2.07838889918709
-1.89248452380116,0.916480138880065
-1.31030832296864,-0.0872486566658787
3.42701146181387,2.69020409010993
-2.15349878217727,-0.325490320310777
-2.80100409136167,0.282705756042823
3.19111034900637,-0.282140201483971
-2.08257737634807,2.33795360558893
-4.09988285509699,-6.07144787126557
7.07165774437163,1.66773117218712
2.81191546109438,0.107601529413321
-4.31568477342385,0.361333022236855
0.362046425293954,-5.35730450231672
-2.03714330421489,-1.73159882561721
-1.24523010048984,1.75474852340253
-3.84751432217118,-0.652807788580147
-3.97785509804516,-6.7543514524197
4.30713136841583,0.712354133139611
-2.3042522034769,-0.914471796912337
2.19301481959052,2.93294520590935
-1.91509237942276,1.17796559814363
-2.78485874642913,0.370998726223079
-2.87368310745082,-0.346347984558557
-5.39377970092013,0.477649530564656
-1.19052242972405,1.2415653015076
-1.39743434523224,1.92588931660024
-5.51434639223795,-4.41276604598105
-5.53200177703986,0.727127039676664
-4.49312176300011,1.21683982968752
5.06252518609602,-0.131238812989059
-1.15999370240395,2.20029958283848
1.7103544309907,1.31893093619689
-2.80980265560463,-2.02507361478775
2.65899673632981,-4.30223234393471
-3.31339398387493,0.196630400091669
-1.39253202730913,0.140968631626654
-4.34544123614042,-7.6771913226277
-3.30057089676237,-6.1797861032229
4.51672716425086,-2.09159745756936
-5.41736457399407,-5.1401081776808
-5.68943677818714,-3.85772966648035
-1.32890937280541,-6.82714451954308
-2.70566285925062,0.77282086893956
-3.23664774694456,0.367979622283682
-4.87697816120608,1.43379074683568
-1.45101929044351,-8.61607327123826
0.202404528601363,0.900007848717166
-0.0266239078363828,0.0574755525226536
-4.17835504529491,0.638422602247703
-4.52166480039788,-2.83552253893678
-3.33199406814847,-8.35017668763149
-2.23155705939001,2.91554537400367
-3.05441219026411,-8.80305362545445
-1.53890551814041,1.70131156100454
5.6945914117228,-0.668253446059613
7.30081982799478,1.35835729136567
3.1204284876467,0.531505830636164
0.0680893802830984,-2.51250430798473
-6.08392090898789,1.47543578748193
3.75375530147162,1.35606337770108
4.04060931708344,0.78191026104509
-1.10220215047628,-0.980490248997489
-2.96355071071793,-4.76838036048378
-3.07232894594401,-6.62096027395788
-1.34082610621578,0.863220815667405
2.55911636680094,2.50261425410859
-4.66512736816828,1.43244024991094
-2.3693575830786,-1.98223571233619
-2.71897592546883,1.22588348483397
-2.44137014609485,-1.67514253495822
-4.84732150703086,-5.23854802225594
-2.37798658583626,-0.662824502452233
1.05641399410785,1.48417625151224
0.67838418350381,-3.99072810376873
7.27554921125704,2.07839775309501
-0.920729616505001,1.83726542503707
-1.76913566080087,-0.54397791498584
-2.44659309219465,-1.70081570264002
-4.35671971064119,1.13715859281917
-0.668464657524759,2.33736139084605
-2.05510399135241,1.29456016488603
3.65540601229431,1.29254127131587
4.65673843317654,-1.49807220984195
-0.82416395792,2.29512146125056
-0.681274964589179,1.74584788621824
5.39207775789071,-0.336408926292903
-0.379973593971545,0.0798607132591476
-2.9178467323836,0.534434776142501
-4.7655610790922,0.123395198930287
-3.33510951274501,0.834721744106735
-2.88631243679034,-6.88137704030558
-2.355053961146,2.59095999023226
-3.26300963086447,-6.72729900556865
6.53585574774612,0.993119685397818
-3.11217855845234,-2.04905226648126
-1.62152909842934,-6.5429198952336
-1.72898556688365,0.0895168880366761
-2.48374857829988,0.816003528258986
-3.02845109163075,-5.29184999121151
-3.9828031261764,2.20694296843088
-2.7430367341845,-6.95895958840877
-4.55578202622366,0.420118621411251
1.36896400248735,-2.1577624278517
3.26626338553664,3.73567708023197
-2.03820002472002,-7.8259460384865
4.18267223497183,-1.81492352231286
-3.1526985146159,-2.1991110024558
0.74025154243538,3.43709094692079
-1.83485258439611,-1.50888704941208
-3.27587267729887,-0.00105209617813473
-3.86624707846983,-5.74637375000348
-5.29540972437688,1.04154745392436
-1.24574606826166,2.24432927378371
-2.65634921825193,-2.52841360131773
-3.31158474964839,-2.32741546500131
3.89323984263676,1.09623628193562
2.3300859530895,2.66635075130981
-2.46329236726409,1.44046297962395
-2.89992213216725,0.4367540914629
-0.031507480665232,1.6961243220542
1.18059275605071,3.23548106535205
4.00095803873151,0.722146163517145
-5.14120071449815,-0.612273358494964
-4.48821377370636,-5.00975107892918
-0.278532181198552,2.40320798821099
-2.75737647152461,-0.362812873435463
-1.77100559270603,1.30047557314125
-4.499081437893,1.55534931884424
-2.5793531300367,0.0693931853272033
-3.55801011434399,-0.396732515811359
-1.10072484909661,-0.974458240619059
-3.06626929830893,-5.2327900221348
-4.42729733406696,-9.02471394785048
1.20995852296324,3.25687192500925
-2.07499547341919,2.06346618119535
-5.83470257849225,1.37234028552104
-3.56737789242297,-7.56187592723814
-4.9852610976977,-5.48990587991379
-7.08930584608517,-4.17714871901419
-1.3249758706096,2.63416014509876
-1.48029583076241,-0.288941751530294
-6.20884087112508,-1.38719361487969
-3.87766740042528,1.31080825843616
-2.8069458435891,-3.69473832466956
-4.4622827511177,-5.35741477747252
-0.696050772042259,0.58084557799894
-1.24755188041885,2.12921249681402
-2.70763361388844,-3.0791328020507
-4.9947952933041,0.202919017740508
-3.36698692652889,1.29286160148256
-2.84013501797631,0.351455703995892
-5.56187328432189,-4.01809253301987
-2.9239417465673,1.05554470550017
-3.63641355503242,-4.85914733577249
6.52942861186881,0.872292183630286
-4.92838076362426,1.20848808474419
-2.6864804523338,-7.18386596067244
-5.40349066615657,-4.12014556596152
-2.57975607122701,0.156062209516161
-1.91607315500525,0.355570610886463
-2.31220340013795,-2.125298825918
-2.70253783089993,-2.97028533662296
-1.59381003061912,-7.2259390236093
-2.85620415842277,-3.94576361173535
-8.08698416705743,1.04442456644093
1.65323375208347,9.93134211529744
1.67796084876065,1.06296403388653
-2.34191298678287,-8.04705576574665
-4.00545015321359,0.620812104702833
3.39662336129881,2.20143807054931
-0.216415319556208,0.667955067317731
-3.01045890956417,-1.77442623814193
1.51620433310086,1.80371698471337
-0.176549531581966,1.58607915738273
0.515243503029426,-0.0218955797613696
0.181265239917858,-1.13879645426498
-3.82026988714802,0.0985706641537974
-0.0574307333103724,1.52527136053911
-4.6343467606264,1.86194378488641
-3.59359592631953,0.785521428585795
-0.987167474992305,3.26133617636165
-0.100157878906137,-0.000294677140559363
-2.72293456327474,1.23951948423132
-3.84517753170995,-0.384456080863732
1.01645925898695,-5.26457302011119
-1.44662203922266,-0.834005591343648
-3.6840775956475,1.02955962086389
1.86173410253245,-3.45466928655268
-3.31492443916054,0.0319399537520468
4.40601039880577,-2.10717403238025
-2.52026053182303,-7.00641183630906
-4.23906951156071,-0.130968398768372
1.3414784548875,-3.26404858350245
-5.15121451829864,-6.04317725015974
-3.30164542688295,-0.30440954207283
-2.60684483243847,-7.409948352114
-2.86145168443402,-3.94595994545483
-3.80640164872071,-0.214046529768237
3.35008634174015,1.70909780006815
-0.758462471868841,1.94559193244757
-2.40781123454275,0.137433484782091
-4.61251200344532,1.69284312511455
-3.07879047797671,-7.87504006242016
-3.22267737138783,-6.49602981327205
1.24782436218277,0.78288492797269
-3.34314850665154,-7.26570390832482
-1.01568975489593,-0.530076821195776
-3.66588822834015,-4.87400515782211
-2.68117121432123,2.05946994672473
-4.74823335890168,2.0159153864518
-4.67534110358339,0.814994871209777
-3.74857579523143,1.20019153185234
2.56046362836484,0.103930858292595
-1.26301157259804,0.472474312547005
-4.77393534080457,-6.06726124563244
-0.991991301713295,-0.345355004202591
-6.25166119011956,-4.61677384305287
-0.355271740356367,1.01238056120674
-0.865307617777053,2.05318322576872
6.92192820679533,1.92616323534724
-4.95677079931227,1.11440115854754
3.86522698361627,-2.31427184710768
-2.66039660058769,2.60591234778238
-2.54132714934056,0.372785963611652
-2.28146651868727,1.48359425302744
1.64637260018494,-1.15790449207035
0.641341157276476,-1.34619038173584
-3.69138147626586,0.674666145468256
-3.79562040460706,-0.141842408921538
3.75515794694625,0.550190577195074
-0.0948962767797932,1.48715356961252
-3.20273750658611,-7.01161053673018
-6.30542099414825,0.248987565544468
2.09037112895945,0.338391248493025
-3.73727533360372,2.95461946290863
-6.11637752655657,1.74963337205126
-4.43292567702348,0.808954658945749
-4.72154582015766,1.40238438501384
-1.96733304457613,2.79277349721829
-3.00061601416549,-8.26524747125301
-0.763462521011164,2.08433689087335
-1.26179207000492,1.93914487892148
5.8227907553201,-0.140189434624096
4.33671921911916,0.394429045332911
-1.66425737179005,-0.157236681742612
5.05612954611712,-0.626194201660734
-6.48616963675312,0.651233140909976
-7.32869443052326,1.97110486416553
-4.93276945303628,-5.74266744497502
-0.716114977890597,-0.40797574772818
0.627406249456122,-3.77355035159009
-1.20056119430324,1.98422129864766
-4.41761826920335,1.08194491521768
-4.46709565548826,-10.5446394155759
-1.12608533377314,2.44668503548751
6.055465752488,0.423715764962497
-1.7146597517608,0.135755389159713
6.54914460276536,0.584803260412422
-4.2555327168493,0.0801035730515723
-0.675221740516633,2.59163309452816
-2.05725476087392,-1.31594171705029
-1.73328455813779,-8.52803202136477
4.25998295094473,1.30867086464087
-2.89918449371814,1.4672817896656
-1.38729999917255,1.50317825964252
-3.71449213675982,1.23405812662603
-2.51042545808834,0.26352795014072
-2.93691296456475,0.992046816084076
-3.11019310957576,0.151391729425345
-3.77892509710322,-2.37597181869787
-1.27106244110343,-1.52062348966486
-1.30333960058449,-7.0625736193975
-1.39326874803717,0.182280929797033
5.80049675013074,0.982786007392642
-6.5005635258448,-3.87302730406222
-3.02172303239375,-2.39881100198945
-3.13262666456055,1.97954349671269
-5.22794502009497,1.43152605039357
-3.24120819398302,-0.212772866002953
0.0774147693499097,-1.09461525811094
5.06672521258156,1.0096682310664
-0.375991475527414,2.6411803522018
-4.76242443435557,-8.61101985720391
-2.34157432845643,1.30691448342469
-0.285356112427491,1.29617540839418
0.224097745694193,1.05331113228245
-4.02491448581865,-5.7589515682324
1.31888634440288,4.7332430432916
-1.20721610849426,0.800911564288426
-2.86094613504273,-4.07907295398035
-4.03988262148547,-7.94260263185516
0.595910858519628,2.6450476419551
7.46191234612135,1.10971195401053
-1.86657612420146,1.39233139907027
-1.61767390249424,2.77774823056429
-1.60588879701727,-1.46544902206399
-1.68185581539682,-0.495811014381085
-2.05773225642247,0.890009944835078
4.56054723252714,-1.04864367001341
-6.87346722082062,1.42449965155413
4.7686767672057,0.387740302670809
7.56760450150037,2.1498866059343
-1.84447735060803,1.81895187519312
0.795798101019042,0.197118931105966
5.71330553965156,-1.21701162187334
-4.86605808527731,-4.44385274681706
-3.64423812099819,0.262721419195162
-1.71085763928644,-1.32851953602142
1.41247439208866,-4.31601240360224
-4.32745555863973,-0.749961799989401
1.337844659542,5.97013362812391
-6.05392958064386,-2.71193889318976
-2.40953733969547,-0.157476767895215
-2.18681405695003,0.44189313624046
-2.76431686341492,-1.69020359215073
-4.45019594415628,-2.25870181113955
-4.44696289414271,-8.27122049606315
3.07031285811022,1.99440468691565
3.16188829784889,0.0552435117346851
-5.59409465209292,0.615429227095865
0.567781340145972,1.95929584820849
-0.623894035683175,1.52235621090134
-2.59889619566276,0.181939556701334
-2.9695192071177,-0.780882930693308
-2.84975097428652,2.22104033338948
-3.65499555829074,1.14246231399223
-1.42734921019024,1.89060657496
-3.79549697358537,-7.16593372170165
-3.12215481230913,-7.10613902158222
-4.77043197005345,1.22678711314218
-3.90055084489839,-9.32059073305032
-2.4980550598369,-0.504374257112777
-4.5449907555864,0.293215018588527
-6.39338249821855,1.72144975884549
-0.352107558969054,-0.767423586130844
-6.2285069663588,1.82445702494671
-1.30341865912338,3.47094229437437
-0.350761207036596,-6.12326166440995
-2.21747392693425,3.06985419656462
-2.93808510769818,0.191809468622251
2.65598232532746,0.780842462207496
-1.8444147537524,1.03677433791216
-4.12739498205699,-2.92087095965456
-2.22619463226432,-1.27523682536087
-3.83840259871865,0.686187654956208
3.67162792234935,1.24817541047268
-2.62067692089455,-6.46785741904963
-2.95773602881077,0.128252694869298
4.46010367439097,-1.02330539584926
4.34447064763759,0.46312128430929
-4.30738946028617,0.529865865289419
-0.951948689625318,-0.566844128806732
-0.147554743986436,-0.28922762031092
-2.63639318080212,-7.8687954645417
-3.23166882395326,-0.703047323293758
-4.85305036927729,-4.15627669391553
-5.49664887547316,1.01130244082076
-2.06148702573042,2.77480569035909
-4.76545667679382,0.238515923049609
3.82845756353933,4.5830317193443
-3.22626448977827,-8.12024038554231
-3.66528879961336,0.103404037477413
-3.53916769838294,-7.61323891997418
-3.59289997622541,-4.306489694816
-5.83013767300753,-3.19962913965597
0.854844115108376,-4.71451479452373
-7.63810392922681,1.38522943603729
1.35683518974772,-3.53066010368146
-0.464838181479348,-0.182747282282578
-4.66253634169463,-2.5317023657836
3.50661985333032,0.956045547474264
0.407384381105186,-0.694461327965495
-2.3163876142108,-0.949551290534601
-2.94979518855631,1.37598072687759
-0.784580524731601,2.54276011925829
-4.14475903555226,-7.4031851243959
6.73515354364758,-0.234165058051296
-1.11378393080695,1.44103213459345
0.316408649062058,1.07469401397338
-0.986463344652129,-0.773075749459427
1.09919863042734,-0.732632381634601
-0.539756232264764,0.366194109298581
1.56924661008286,-0.063987681717927
-4.57622378465996,0.0146090910623153
3.42871656272605,-0.410954466844211
-1.56910748633597,0.543890044500347
-5.92210905589867,-3.2914215741837
4.97895291025891,-2.0203788979922
-1.53250624981938,2.70521366559591
-6.65361141826643,-4.35393333955091
4.44241637310936,-1.42742164799019
5.77342612342644,-0.280693925473814
-3.25148450979891,-8.33598203384534
-4.90643683971168,2.07180939226426
-4.30626024451005,-9.3519290332116
-3.67987360915217,0.19980535074767
-1.03877313645419,1.59109374608672
6.70679029482876,0.230644804622439
-0.464803439625972,0.454495919623501
-3.24668291946943,-0.237502583113816
-1.20910274793831,1.59961023837414
-4.92615379527759,-0.178931888109865
7.34085368321655,1.46762867670402
-4.20471773315116,-8.81960276511308
-6.02847988450466,-2.03136561258718
-2.77091751377389,0.311365734634584
3.12428556037293,1.75011431075504
-3.94101968321266,-2.22689286878607
-1.29370985551383,-0.725242328883043
-4.34980452118479,0.788949076169197
5.72917810842764,-1.14674446880629
-5.56035816465783,-3.02730502475008
-2.65892470104523,0.289416126891263
-0.260084757430153,0.830330194424118
-1.28284073838541,0.300749117860402
-3.82918816731004,-0.203673670829136
3.22808153986452,-2.72603497876361
-2.3457275180934,1.11004054173992
-4.4735570938809,0.775142756035415
-3.75556248013065,0.881956464618969
-1.75176740662169,0.520161222672684
-2.26881911251036,0.414987818661158
-1.90627819643753,2.18061645520638
-5.46061957295726,-6.01262729467461
5.49171141214031,-0.649470389135206
3.19474138551829,1.43819892413202
-4.61936669744305,0.8622674859361
-2.48416678064993,-0.681122484679141
-0.352281108142329,1.96882184283549
-2.97704512148724,-7.52763404509384
-2.32885802183045,2.13811611471889
-3.52686850835322,-2.40965506446486
-1.71058646836545,0.512236332706359
6.86325249972864,1.19046167253024
-3.89663087322978,0.94856360033933
-1.48745215541824,2.62853990955142
-3.51058268921402,0.779585522812733
-2.93391017404145,-0.280125367867143
4.82995446908418,1.30232035061984
-5.2325425753276,-5.00097725940422
3.36678222434142,-3.77055650695328
-2.43116145217858,-0.46542734364522
-4.32346124563065,-7.59407263077483
1.63230631799983,0.881166152271132
-2.26837724235926,0.644517761780373
-3.64190422461645,-6.03188208825986
-5.06460018024774,0.409353843744188
-5.38813930889909,0.453964678703353
-1.29771049369754,1.78189509887675
-3.06933707146737,-1.78853304197208
-2.69760030085395,-7.03405282391601
-4.24180583394419,0.166971308532678
4.71501986155964,-1.85982372450923
-2.44368398166836,0.893669297198725
-2.09481782115091,-0.0198466818632568
-6.15819527021965,-3.68499655422695
-2.76617961179187,-0.446186824236053
-3.13089221383829,0.371141769963614
-3.14654645959957,-8.41795624355703
-3.80586625010934,1.3669932820048
5.62014674874834,-0.263144715435733
-4.13144874179146,1.065351100388
-1.85291605639258,1.56729603295664
-3.17068844050507,-0.201092038514236
2.04936033636378,0.0454759718256145
-0.201870622308194,-1.19559358514232
-3.34737383637466,-7.69567116687088
-6.24341571185089,-4.96368981095728
-4.21651604594137,-0.258377101373755
-6.3828076424194,1.34443685315073
-0.707046051905803,1.37051134881377
-0.609345525927134,0.400533946933049
4.11538389006794,2.26639200071943
-0.848414545690259,-6.86797084858706
-3.30078135999763,-6.32403979515778
-4.38725112345071,-8.05128562809921
2.24686618393498,1.408052881484
-3.0997772084681,-1.15414704206097
-0.00214770687031152,-1.03424085077176
3.91126463353092,1.48061667926668
5.74040078096728,1.28541976044677
-4.76631672360502,-5.03445428104283
-1.38049031811829,-1.08215733396063
-6.14292646124297,0.960183639111081
-4.27747956575821,-6.72546352922981
1.06200791317333,0.778359091360627
-2.74287556562299,-3.16157992047323
0.239424285290646,8.25422395576689
-3.05478593446882,-0.181844107465825
-3.1045430639775,-7.838716360609
0.265691871690126,-5.0346613869138
-3.92617562160341,0.787151778312224
-6.70987402328039,-4.23437170749141
-3.27818656077329,-6.91576973096651
2.14817096748696,-1.37292695540476
-0.18883681973859,-4.70841493447001
-4.73153347072445,-7.66329437314805
-1.90206105209179,-0.705517114134896
-2.4681421503092,-6.903821407795
-3.39190646824637,0.680276061527084
1.88951895338334,-3.74362912684636
1.04423842233156,-0.371814204281306
-4.92543619616222,-3.90696786789835
-6.62787664944029,-1.19940630156088
-6.684093703553,0.439255222434257
-4.23784837064849,-8.13171817600171
3.93610836653204,2.27241575408631
-3.94578134585909,0.0850808288580591
-4.31691893979652,-4.99057504795817
-1.7919406154388,-0.0970097440186358
-1.08406588436846,0.697964243592379
3.25393575941807,1.81850650389283
-2.20348779230098,-0.347362812623137
-2.1674262809672,-0.429962269869814
-2.69121325283504,-6.39031228435108
-4.56451173140436,0.0962518546152334
6.46999942645362,2.27504668211345
-2.88259850034415,0.0904367293751123
-2.80668084636082,-0.85638778466035
-0.94751282590572,-0.563568859467096
-5.08407593528631,-3.85718315263111
-3.46819997231669,0.469163957918328
-4.41151597658728,-4.50671881836241
0.946721578188512,4.26719770769995
-4.76248100051977,1.269191967189
-3.12772902352599,1.69948105271519
-4.07501163946085,-7.76284469582771
-3.08583094397483,-7.77376581578708
-2.28214615224557,2.44597711100141
-1.71579042611492,-0.0611305501922171
1.77288276029207,2.26318455610038
-2.97808881779639,-0.394767862270463
1.66512101256905,-3.22771621816484
-0.369670630993757,0.837021470318832
1.84411014768425,-0.713383416812057
-4.5477544014516,-10.6302984358446
-2.73880177875283,-2.07597310226937
-3.11916859525721,1.92054052688341
1.45888166448468,-1.58316830136203
-2.70484723034933,-6.70459098744765
-1.49443199171297,3.26807725889235
0.287189987411173,-0.764795971619927
-3.90860311922048,-2.45254120182917
-3.38239772544878,-11.8394338848875
4.17520928035867,0.00455713593560214
-2.55083366474595,0.705101919533028
-2.90930716975264,0.390849055629301
-0.707572099973521,1.94869069983109
-3.94115145700698,0.448331990339494
-3.18992084095697,0.598974374226882
-1.8695381850255,-1.33988601491488
4.15445251547181,-2.8738436704767
-3.51021835721077,0.589077059325903
-4.33712628879652,-8.12571479654496
3.13272345426589,1.14517482953052
-4.92864460856766,-4.90218358796941
0.613109173540475,2.08759208491891
-3.89150692242425,0.589719274227234
1.38483360993824,-0.783126253115838
2.53905001687234,-1.74815685763954
-3.60579844980427,1.45760039570332
4.65701204271873,1.21317903819448
3.86844092022514,1.09652604126626
-4.51777216123938,1.5041298869031
-1.70223076126782,2.39287902241093
-3.48774362028254,0.27284268680343
-5.59456508900649,-4.77093868343443
-3.12515827881117,0.18295145034897
-1.35435721851331,-0.833727932640579
-1.15990909443651,1.62098514510579
-2.48257714418627,-7.931096656635
-2.64646485990732,-2.46656595173057
-2.59177166705941,-6.09110184430377
4.82979884755212,-1.6073380835874
-1.41734983787552,-1.10436368279602
-1.19922506502544,-0.313797273265882
-4.49630708147955,-5.93718114340553
-5.06851929306266,-4.83852858649602
-2.24844515223793,-6.77907941377364
6.68639413803759,0.305778256766161
6.18889424483091,0.0582769591474168
3.33584137407516,1.03334449218646
0.383315774731656,1.20558747966358
8.12573997279332,2.79830936754936
-1.82942599734547,-0.00374857880018109
3.57268729353103,1.43604973079276
0.590934693378676,0.179339765874582
-3.51624867373355,-0.603363304096698
-0.496518186797172,-1.22010617538495
2.64800256230404,0.550536286708302
-1.30630807393274,-0.257608358590002
-0.885716858875682,0.386505374139877
-1.6474619204418,0.227017217000533
-0.65690805828799,1.72846003868525
-2.60650862023746,-2.06512315551756
-4.27617367187439,0.139630067466881
0.393178370588781,0.851176569216861
-4.01563000379301,0.577863182548769
-3.56853054662557,-7.76035301778914
-4.23985623622522,0.780043520601993
-2.06818030202671,-0.315012261202891
-1.3466348380499,-1.59280205836592
-2.18536810754963,0.18112810235651
3.66439619023128,2.05365057821296
-3.00889840576972,0.0541891501699249
-3.69229903982012,-6.23261724266353
3.49045316130082,2.64027228134805
-5.29315410232504,0.567185055468767
1.3580329600819,0.194181359623224
-3.06571695070679,0.217827457273664
-2.97069114914235,-2.10452317739591
-2.71770580372911,-7.65499083292834
-1.45716103944457,2.30550698402423
-3.60944649572549,0.744947087568738
1.4322403871068,-1.93772263655981
-4.61330471731077,1.42612005454341
4.85489330725634,1.04565071400713
4.23574974858136,0.625887046157104
-1.5120626788237,0.617116136942239
-4.96297669882676,-5.58824356300684
-1.47710734082962,-1.18384140323198
-1.03920530451262,1.63791837575165
-1.71170599621258,0.0613898586203545
1.50706618234238,7.60489450406283
-0.688452484321492,-1.24712415353769
-0.526994777682062,0.516602670466452
-4.00977784735163,-0.216566676617016
-5.43549646102553,1.51809799113142
-0.0726266748771854,0.87194243308975
0.50210888837952,-0.82251736265772
-2.96203448489075,-4.59822179769964
2.97501088812586,1.90508821737777
-1.50821830109447,2.02189708375601
5.12759065820418,0.838885176721356
-1.3145223513006,1.25295713862846
-1.95161732112739,0.17576248825039
-3.10353341177127,4.12558651792611
-2.94603011020681,2.84373173055289
-4.15078854524993,-0.131842285177954
-4.34830834171122,3.9186186571781
-1.84695263575172,0.000891146997940628
0.434906406811103,6.61812064841582
-1.16285091850267,2.28075415797678
7.36438866915809,0.564872786259339
-2.96204680666518,-0.16072594531062
-2.56474571821015,1.57270775121998
-6.1356617930948,0.665545819166233
5.91774042478484,-0.355170767064731
-0.611119262585845,0.532806692089557
-3.38653938822863,-0.52115135469824
2.97526829790644,-0.740275817263743
-5.19984281660297,-3.84242392007453
-2.21798946656092,0.091733359331856
-5.87365505058463,-3.32018712103917
-2.91052061697034,1.54283577821349
-4.01213652761113,-0.1079898760823
-3.09210144997033,-5.59943509844817
0.867920548080122,-2.80420163094147
-1.03348397964189,-0.340456981126017
-4.83824235726238,-6.67447180952968
-6.94326334981687,-2.33859769484612
-5.50566889100982,-0.0844750388574567
2.41918287647621,3.9830531235275
-2.33373624882926,4.43528276982189
5.00369146654355,1.72644308193295
-2.80429395248616,0.596912057809176
1.11305636662626,0.502764102168374
3.35268417632411,1.52308764546085
3.93492139442724,0.182412794841612
-3.10112072084692,0.80579085684957
-5.35060116200391,1.15650004688346
-4.98839934823089,-6.18829608145276
-4.83640217129893,1.09565473638004
-3.97566718878425,-0.231552133080109
-0.389816411194289,2.65740638346409
-2.27786375134846,-1.38320041285203
-2.99638386465789,-4.81688095400092
2.76087981138615,0.817146526448252
-3.65125999659237,1.11952417238489
-1.44088037630828,0.139852357305429
0.263834639821218,0.115202401644949
-3.19264706315991,0.697480340527646
-4.14103529357303,1.10487436426587
-2.91456478126398,-1.96333730873371
-0.889273400651572,1.84055840297526
-0.0363477921111302,0.130258828252349
-0.913456576243228,0.531896448292767
-1.60993872349797,-7.65118739179181
3.51628817244276,-0.81263487913235
-4.94621878499979,0.856720981988166
-3.51366386691552,-1.36734379597551
-4.25442150908682,0.429473564903204
-4.70876089000161,-0.153447688076695
-1.39073590412805,2.38229092742546
-0.6458580292076,1.87326605947362
-3.54333282053688,-0.110427778933826
-0.673769221831706,-1.0924513139626
-0.551358955480552,-7.93203940616707
-3.14898681900307,-0.344493064311652
-4.54805690506402,1.19917079867366
-3.62245670365277,-5.82301876529376
-3.18103414427239,-6.72744001222037
-5.57548312446373,0.870456714905801
-2.39804686341884,-7.99276086704823
-1.26440739259153,2.57112917978551
-3.06459333061752,0.196180120398486
1.88662580655695,-0.197975955804153
0.100700620183472,-0.393036123948862
-2.80041982171358,-0.118420734456541
6.78292483038153,1.74459971203126
-0.774997714759314,2.50080495762632
-1.09467987370007,2.47028252143224
-2.89436129099223,-8.59052561898407
-2.90600847318982,0.678399811794876
-7.80090568493707,-0.860669122894277
-1.5973951546513,-6.69239488201077
-1.63892206237914,2.14529838025479
-1.03560000681336,1.09242986830384
2.27725193601463,-0.694220271930931
0.084994689980648,0.936208340795023
-0.490529631550586,-0.505210174394285
3.8092516487365,-2.52387885521296
1.47141825916925,0.883271354057219
1.35281126861809,1.26497393628476
-5.01603522057304,1.14642895855975
-3.78440396693275,4.49485782909947
-5.7045240512015,1.15709318192142
-1.63473295913968,-7.18126566769011
4.53967308532588,0.643619181839513
-2.26989603812281,-0.760929835851811
-3.0336798435244,0.085764958265947
1.28148439437354,0.2923017424341
-6.63049366778241,-5.20902295526886
-3.61031861005942,0.764097128577338
-1.94193720733728,-1.67158197869513
-0.522871352126709,-0.216835483559885
0.452097238916569,-5.70007497404656
-4.96225509083779,-5.86580371771741
-5.44606041637326,0.728790663390128
-4.36621445662686,1.23631457256097
-3.13808025905398,0.866558484776499
4.80476533338452,-0.944942958105836
-4.5264939844254,0.654388395204724
4.35103022170936,0.700464062207521
0.148876677883055,-0.571277748335482
-3.75507795977734,-0.11974932624135
-1.1161290286179,-6.93791851844232
5.70853033481876,-0.889692957912573
-2.14073558234456,-6.8305766672199
-0.563196393262565,0.744714717991234
-4.37746498972249,1.83229951420157
-1.49638369765704,0.392028373562329
-2.92766527047152,-4.47498384290026
1.47445684286918,0.194019790943776
-1.56905980965882,1.96613100525289
-1.01190112110218,-0.984393879172399
-2.19942232545102,1.9069509880934
-2.40306109756325,-0.641441406679354
0.139377876856021,7.68636450354534
-0.64616566137185,-6.26202235075967
1.36497688771555,-3.86161700661777
-4.73826697420602,1.44306020328856
-0.830512235135884,2.38138625312797
-2.64594088933772,-3.27209179909788
4.43172978443801,0.623541774044587
2.17478944459932,1.32916611771303
-2.71727396879924,-3.05437241269216
3.44905511585928,1.03941876439511
2.38280202814753,1.88652507949037
-3.91439571365564,0.930862417108002
-0.352614260111349,0.908517747374629
-2.2218502424223,-0.60771243493918
4.09353217334102,0.734805827314177
-4.11324765837646,0.711810131739383
2.89007958840001,0.300349818581673
-3.65360665420439,-7.70958543599419
-0.149481320851735,-5.97808571336247
-3.0218724428627,-0.0904499173996874
-4.98891744707185,-4.63973469542449
-2.00693280047525,-1.3000559920691
-2.23018127795376,-0.153155444392832
-3.48483613983308,1.00248057300117
-4.98655783530462,0.924353349621855
-1.23842513100014,-0.482272357747952
-1.89256531485944,1.85863374976046
-3.45798973853367,-6.4721386602722
-4.00161604752337,0.748436570965565
-4.35233792548342,-5.61738829581537
-2.79308164992516,-3.5448591909307
3.37935112102587,-2.68308462122927
8.00396228201418,2.74960425802287
-0.651570209479567,1.44250523141442
-1.25762187005699,2.23259589473318
-4.08706556566654,-0.104839271312916
-3.43965323858993,0.475619983784964
-5.231267922511,-3.15973747118316
-6.3081791437132,-1.7638183532408
3.08701798153568,1.8020007671718
2.33148228960613,0.668390618239968
7.88516944432978,1.62490198394234
-0.745320135874396,1.5540074708341
-2.48002243465849,-7.52088387122376
-1.09154042721074,1.94519254525079
-1.33501108508252,-7.85699008030256
-1.28970008043745,2.1939144066201
-1.65541823547174,2.58607594958548
6.20655563721016,-0.0722967400407041
-2.8089368836277,-8.1954869499671
-1.80620920671573,0.484439691332971
0.518002960045385,-5.30913714232995
4.82183087315134,-1.4450357559129
1.84031975316376,-1.74514204710427
5.12384891187175,-1.28696988872009
1.71809809335639,7.62573441583688
-2.44230576947867,-8.69512148460409
-4.09717135901909,-8.03908027751772
2.83405751106878,0.27011898277782
-3.92665179986317,0.238271119282673
-4.25093609342603,1.98168019464592
-3.09379947385252,0.587778269295086
-0.231200170595449,2.2448174464413
-2.74963774759914,-6.40660349266167
-2.57770033938594,1.17430776037989
-1.78798074097101,1.8330259833551
-1.57449814907421,-1.78095033429993
3.40700203231937,1.45891416293785
0.526176780268823,-0.511102327698956
3.82837199909938,1.04376713830002
-2.54445396182776,-1.78963836638068
1.61899433542601,0.781025628162589
-0.240436298479589,1.74329027087667
-3.610346238292,0.316262133333348
-1.98027824905374,0.501072915886001
-7.076866127767,-2.41454407727571
2.89994020407707,5.71808935364569
2.45717417774217,0.877296849095078
-0.106204841349139,1.49143535708549
-0.131074029116048,1.43798941309129
-1.42681300073407,-0.19912933658861
-0.628650471696959,-1.65823379929076
-3.31152169801417,0.738031356750299
5.40447462356964,0.146020023846934
-5.90241244163232,-4.42315592448309
-1.46711512436612,1.87323209724277
-5.63312664116299,2.40329013704603
3.65614584012549,6.1772787612866
-3.86603004492232,-0.696453649758392
0.129354931952028,0.737432218034804
-0.432356929292686,1.09248211503599
-2.46966976399056,-1.28646122257798
5.29944224532061,-0.300757490206705
3.50244997073081,-2.22511986983343
-1.18684797679799,-0.626749142695265
-1.79963978301682,2.22640930254325
-1.63480893384399,2.43640300974362
-1.67121357685168,-1.18981225620961
-5.21908810609032,2.36811634725497
-5.99003202451792,1.09921498605616
2.77486387366459,-1.42341517948478
0.609107704096875,-4.04007943956217
-5.06050308404092,-4.51425772263867
1.78028928297414,-0.266761932782293
-3.74977531144841,-0.613461737564501
-3.78127047904452,-0.0914291835800323
-6.18603669310115,-0.113779259959571
-1.62057270543954,-0.270479321821449
-0.908974941593901,1.95205415233573
-3.31741289495789,2.16747400535493
-5.48471091309636,0.854774115997949
2.09443633578036,-2.55228481215804
0.40999515229236,1.65631219978605
-0.468035447668059,5.97555982487521
-2.41553897698107,2.32450650978773
-3.5472393996773,2.89442051597763
0.647326894016846,0.279186127833724
-4.84442895309771,0.231232318502669
-2.90367831041076,1.64072791428847
-4.38734478101975,1.11335237112673
-2.8395675134876,-0.839251127104162
-6.72816611219164,-4.71977334104199
-1.62578428751184,-8.94702653828885
-5.8199169630355,-5.61795034984533
3.87355603277197,-2.55882417653209
-0.901474427315697,2.33829781268742
-3.5573749745286,-6.37795566655553
-6.63020707834013,2.0379500368683
-2.14367645552189,-0.574368528784767
-4.76409192700157,0.934820445407362
-6.8949552324353,0.769345445934348
-4.89704890796078,-4.81929508390743
-2.10039404909906,1.71264521365697
-1.85928405230703,1.12353495656133
-2.92325050746669,-2.11706350667065
-5.2614424461313,0.505382187337717
-3.92339219522773,0.197261401920187
5.01461650653915,0.581483979737313
-1.52018666133621,0.411947397393618
-2.6556525847726,-2.45315606889734
-5.16534141026546,0.710490993038587
0.289380493721913,-0.355359696496392
-0.974773567578282,-0.550921426405248
-5.04102329539351,1.43716462268387
-3.58473524033516,0.730123524015761
-1.43179686327623,0.152549860538138
2.83963579225363,-1.63923003618522
-3.27138662536894,-6.91249733264337
-4.05633172064511,-6.88191181627983
-5.57545160131836,-5.03938510059497
-7.37777584188032,1.19790085537172
-0.140098849914704,1.63157391496166
-0.359162976007936,1.30084577313654
2.92523743674973,1.21911479118408
-5.64632110131328,-3.78189546590749
-4.78612841995101,-7.76014855838394
4.52647829437202,-1.69115436399108
2.54503158836692,0.723610859804089
-1.67554612574425,-7.87626439222171
-2.73345644484439,0.703798490860615
-1.4865220902186,-8.70911030382164
-0.716113517938529,0.85426800257462
-2.76920036790164,-1.93192970946896
-4.91935583300259,0.567723143897717
-2.46418015266841,1.13051701129772
-4.70492305421228,1.62467369437105
2.84159041319247,2.23182784505059
4.18453600709775,3.47691661372374
4.48877693695258,2.132678352676
-6.32652501789873,1.18993044019988
-4.26421110585356,-0.116321528149338
-2.91464842734022,-4.30874921000995
-1.46304391611812,0.838630534874767
-3.43091909344632,-6.29304698708054
-5.28711800036871,-2.88775639037035
-7.03681369281863,1.31037970204314
-2.90248671538658,-8.1319025484252
-3.02717074256361,1.55133395372083
-1.39620682327139,2.66820609854218
-3.77420641627406,-5.00705896773113
-1.87704572378186,-0.535437304245005
-7.22621222612742,-3.86241626847897
-1.76612697935744,-0.100770460178803
-2.20467933609271,0.201271366410735
-5.96439922139354,1.39936107815693
2.25435866555958,-0.32676615303463
3.14501392349728,5.99142871312302
-0.115576323316807,0.115248867808629
5.96417103041478,0.44679984665162
-3.76399988212553,0.714022241635233
-2.51894107243356,0.428813846761711
-3.25847211273951,-7.42633320574123
-3.83309401599676,-7.42414367363206
-1.86865936389945,1.00831887423063
1.81443684840957,3.04362027174391
-3.01339042222178,0.109546410895663
7.60463171372843,1.25832343372253
-0.811917158853319,1.1373386526311
-3.49138828971583,-5.2591222527717
-1.52867167177179,2.46367936619091
-1.57343281856996,3.12710225172648
5.94240263608934,-0.0580461208719222
6.37992456851318,0.0166502640724956
-0.965818433797345,1.96507419815303
-1.59736320656614,1.41243538931976
1.21681361604305,4.05187923623204
-3.68593227663763,4.33860533023341
-5.46270187038774,1.3019671443662
1.66632895303264,-0.226931497984185
3.13853554027293,1.74235538746232
-3.59679431165522,-6.41707453311108
-3.78349855669396,-0.0594465077596411
0.752966365850884,-1.51647705252956
-4.6742878709886,-0.506309073705344
-2.22691350148637,2.44236009128794
4.58087881446585,-1.7282961446381
-4.85211727343072,-0.0838166749047251
0.787525447355843,0.255002880399962
-3.3097090351251,1.92570337890375
1.26213011906595,-4.81827197729444
4.81581305119503,0.670967658231944
3.43289273704099,1.95459164511327
-7.05262770728204,0.977391172546926
3.38819806672076,1.65414840804811
-3.25734338054982,1.61350623949879
-3.47821057575493,-0.22604396035518
1.52016211855739,1.71989453015611
-1.95818744295873,1.7457856217935
-3.97819082743804,-4.70145912648234
6.8839513850497,0.547748955029854
-4.3999557014303,-0.754034317481442
-4.29225753640829,4.55785884573483
6.09417522900188,0.384260075284771
0.0391938133039396,3.21537831270047
-4.40403347946754,-8.55856829495849
-2.00442966340309,0.403361843813573
-2.79025362911196,-3.45069681309562
2.76452757010217,2.29207988367591
-5.53397853271456,-4.17684572442787
-2.7450436350807,-3.06520103628749
-6.21977227547835,1.66980448992886
-2.40203421113453,-8.3604722230139
5.90961574075525,-0.251490076376015
-1.51663672254883,-0.0847164405093906
-3.41345915857471,-2.03910462045268
-2.5906224002615,0.220486647694062
-1.80688668474421,1.90945180359359
-1.88909535843669,1.81904847893266
-2.97913452883984,0.0273995047211015
-0.401076988208553,0.152845455557045
-1.52885790088682,-0.921608286676821
1.50383419808993,-0.143462864761569
-0.6829087095663,-1.17553282752952
-2.06624387404344,-0.108714049644581
-5.60384393865894,1.57318262867611
-4.84059915248506,-4.96415030641066
-3.77797496589649,-8.07441956553045
-3.24749583977215,-8.27089773443836
-2.7817165942732,0.13249773372529
-4.22703290878038,-0.677638067754772
-3.48291535785101,0.800993419324046
1.92860043538474,-2.19270390794887
-3.92245442510797,-8.79574832152113
0.720290314722185,1.65738734667496
-3.71161719845928,4.35423571314638
-2.94314255497358,-4.68890212203222
-3.34389689630088,0.892077458824602
-2.66887926717068,0.934782247720036
1.98174157878896,4.0415560670896
4.40983020340199,-1.70351459156972
2.64041425780804,2.30949029842688
-1.51833382960903,0.154995521477819
-2.0533201583065,1.24433347959138
-4.27594028771131,1.57848894444277
-4.27272813245282,1.51692410979606
3.70945146554463,1.24718706926922
-2.05566966137252,-0.111825474284635
-4.35895168469504,0.797655056176386
-1.46578147639621,0.110203648705344
-2.34880678732127,-1.68250382516095
1.79721438765703,2.9987818967218
-0.851422804485571,-1.16723388189527
-4.92388063347296,-2.87842203042504
1.13596297688228,4.58374989150308
-6.24237386823664,0.869960071467561
-4.74536793593573,-7.3098482548524
0.564758987348521,3.32782061002321
-0.122171424789455,-1.14738852514473
-2.12803331890308,-1.59168852686015
-2.92961962621199,-0.53498604622852
-4.82704088853015,0.772463294035804
3.32995190154713,0.797390779589688
-4.63758164730755,1.6537603848189
-4.0355727697984,-7.67290362324251
-1.90944921617651,-7.12344995931687
-3.17045052337097,0.963435143149972
-4.46235207403606,0.259328210969425
-1.38941828106466,2.84990371595338
-4.33393930234964,1.29360508093879
-0.551718453950411,2.92953548164818
-1.66655056615816,2.34559999302348
-0.371107169936491,1.38821815075682
-2.89367140960516,-1.54775792620797
-6.21328267844649,-0.386916610787667
-5.19871084570424,-0.253654000005522
2.27725786833727,4.06068461741327
-4.85460990182607,0.611537937672079
-6.0676824237989,0.431814726992704
-7.01223568301931,-4.16544963574091
-5.33226609820804,1.81959368896473
-0.51734668688804,-1.05118242702058
-1.97236536869807,-8.47556989396945
3.00584013835978,1.9514626768288
-1.96489112975442,3.47545270829064
-1.42446015398018,2.05194592576959
-3.11855480776816,-5.88042314634535
-4.51173928560514,-2.81378712819763
-1.62667955099939,2.61846252586906
-3.72758088319572,0.665143592069382
-3.59782158346424,-3.82496937155242
-2.95758815065815,0.888765346218481
-3.08396007342426,-5.64999412062802
-5.13017470537602,-7.21536984919797
-3.01503371526979,-2.33660596483731
-4.74201994032806,1.41254464024421
-2.05365262815393,-6.89713269481052
2.15505433670841,0.0785870965744677
-2.778565080487,-0.0440107768815631
-2.18021932728283,0.347063806752928
1.00595373334839,3.88284361744952
-4.29980470760634,0.336009825645067
-2.53154517897377,-0.0984888798789342
-4.87943165497804,0.156452757359095
0.740779992269209,-4.58582761327298
-3.03534187251794,0.693007645585005
4.213623422124,3.10477313960613
-2.94863133100374,0.603414696751513
-1.29845832314823,0.87518342963848
5.38041735814747,-0.806135796984996
-1.92505860294277,-1.77657341588433
-2.58963832392836,-6.86855641786838
-1.24489219630271,-1.20951357106749
7.17862235352341,1.08674633988623
6.19827655185609,1.36266565284983
-4.92571312236155,1.32032350747383
5.93647838980297,1.4094769527593
-2.99332337933259,-1.18322568631754
-2.82504151945661,-0.0973970256165131
-3.00958334587342,-1.52277050475965
-0.325967777306204,0.709921017673571
-4.36669535647666,-9.21145088203541
-1.58827852294198,0.0247726806392629
-3.80606959961938,-5.3641933446952
-2.84775466351605,0.7469270541078
-1.50674866533839,1.12712097798443
-2.2898697004703,-0.62563973214354
-4.53755661471308,-6.81904423273978
-3.91082113517475,0.692748979735545
-5.41391635938003,0.926089446430089
-1.52532677447053,-6.71408018116811
-1.02844511820869,-7.40064542825105
-0.945363210464934,-0.532073489788092
-4.96427874477756,1.46350138061438
-3.32954911609111,-7.77390714029742
-2.40873457568587,-1.21195868031792
-3.13330617030637,0.795025383094498
-4.55698099773887,1.41649883609813
-3.5157681459389,-1.46797053475234
0.931721793749965,5.66614764521368
-0.237367255267588,1.12757293037893
-1.15444190296855,-1.4411447648829
-2.31531409034253,-7.96196191227839
1.52747051730038,-1.49766766814697
-5.57606566646599,1.07036657137533
-1.07740003939549,1.1640497808779
4.89573604501592,0.29537253107041
-1.99927799171087,-7.43959105139141
-6.87819987434535,-3.39488828848864
2.11238070768083,1.65079129947526
-2.25260154362308,-0.550619320698178
-3.04915816499339,-0.314742911256002
-2.07809794452833,0.947139051408368
-0.181081034747251,1.22186520020768
-1.42005611891216,1.24095601846565
-1.89309475093805,0.855908737129493
-3.55408424505973,-6.22604556472662
1.94157759262476,-1.0039570953691
-7.02755633948947,-4.93993518842183
0.462134736205618,0.454452435546128
-3.5699061469532,-9.26238827377514
-0.633149861622231,-0.616743948993578
-3.40311539819184,-0.0167543316313593
-7.58534821454144,-1.33328506930133
-3.2873266870041,0.713216972764715
3.74059676659506,1.06607072454851
-4.64076928518996,-8.27419372416893
-3.66673987745916,-6.25450780342431
5.89968022628508,-0.125199151517946
-4.91699158168555,-4.21246136010544
-3.66750627451423,-2.57468123597361
-4.39885534204213,1.58129575317639
-3.00893586259496,-7.50880092850609
-1.17722601214971,2.80202267980238
-2.71344260860539,-2.82922276900307
-4.49309108643069,-4.01027392465531
-3.46023772784267,0.0786281000186815
1.56758453779213,0.873679928725991
-1.85201273294106,-1.60377890972855
-1.25582989216811,1.93642747240815
-3.11431193151711,-5.10100667811615
-4.74491080255277,1.60967504842544
-5.57679567345221,-0.872190981744839
-4.75631201947174,1.03578621471812
-1.87046741499305,-1.34394439000241
-0.981605934516558,3.74822297937056
-1.8969635528044,1.97200953636648
-2.49097950902801,0.781101917618979
-1.92494081327547,1.44808319267403
8.08406868205686,2.01168916017699
-0.612908422926543,-2.01242402067061
-2.37846123359214,-2.10650238446792
-6.44192244154775,2.56214334808817
-4.61226838077273,-4.95434716311747
-4.17736729042928,0.733968294393725
-0.0577154204970091,1.04662498360363
0.408920321740786,-0.0715283066537536
0.0683172778864032,0.336395738080751
-2.31773709274951,-1.93694940611849
2.87265536750985,3.61028403274947
-2.66921589296905,-0.219138717804872
3.66993431143737,1.17239921259244
3.40620262091816,1.32536338374593
-2.36986638928284,0.879011648052824
-1.74459288645999,-6.7804779333443
6.03076735467033,-0.375061302430277
4.7887126160557,-1.23602944664971
-2.50216240818342,-1.38958524537374
-3.84457591406393,-0.131813322130867
1.6836141688794,1.36934478178396
-2.40323678468376,-0.466041569427168
-2.55001646713494,-6.34629854265502
-4.99064657361256,0.535531873674196
0.503755746181155,2.99200814511936
-3.38715822794045,0.283776714898098
-4.51663606272678,-9.15477472098503
-4.53557194084189,-7.01558101312455
-3.8623613343424,0.143328670484581
-1.18499596609232,2.14218980204093
-2.03772399940238,-6.80576443690114
-3.01127870149955,-0.920975015595147
-3.10338624954884,-5.58048693320353
-2.42335640223903,-1.91958565268081
-3.03151469956096,-0.368579521743501
-2.27656079012729,0.352147940420654
-1.1990454398233,2.28942317160919
-0.27439600831142,-0.310509415653663
-0.213004477541192,0.991812327157036
-3.27592627747046,0.999469469089866
-2.13601475153428,-0.0658896665403456
-2.01208840223184,-0.769393992242439
5.21806316147332,2.02815087648319
-3.22053394184264,-6.68999574846958
-4.44497194431236,-5.64283275805494
-2.86890716802919,0.386864673251342
-2.5316057100853,-1.59860904810285
-5.86258987632497,1.64307442342846
-4.34034331223677,-5.17171533303128
-2.61575575654461,-1.36507155942164
-1.18731253645256,2.5301853238148
-1.55664899804794,-0.241461100176409
0.860604853405095,0.926337829948338
-2.8245308419189,-1.62811030875308
-1.41826905131408,2.54644164717329
2.29064907285989,6.11709632406869
-2.91444263443083,-0.209166697944294
4.72835699243202,0.210929136273622
-5.09321560861229,5.48467901436406
3.936755585245,0.382230397084843
-1.64918400436603,-6.76035305525505
-0.459094790108438,1.90068390764478
-3.64486749246621,0.106594083913489
-4.46495785650267,-5.61804803911083
-0.788246762699008,0.169629360144857
-5.34605804343904,1.17785435716473
-2.42392865266603,0.381733642153968
4.27460947486581,0.583506859712829
-2.15359435790807,2.58495810252997
-2.55048683927779,2.75674603896993
-0.0893452829957395,-1.40190516766953
6.97030916606536,1.27656705130059
-3.27192159514217,-2.00751006535684
0.162219482189998,-0.395419382617584
-0.33833804008038,0.446068210452754
-4.06889765127091,0.0339688371901811
-3.63504146178601,1.18432962223361
6.86744956679926,1.37140702502876
-5.9730064167099,1.79427868964391
-1.22955965180974,2.43300743786595
4.78268320359769,-1.22968626560761
-1.1027135044423,-0.398512377755075
-2.76543852243347,-8.74888767908281
-1.47230151331206,1.29018149088753
5.54580761988366,1.20494169416284
3.85171332519802,1.03716799787574
-3.78909905971058,0.958122724783191
-3.45470216539922,-0.109803363005758
-5.00277098090122,-5.14127512574481
-4.12730225280991,-7.84198231230238
-2.98496384464064,0.21631534827845
5.1888979114131,-0.238427092446597
0.911622727268324,-0.187142358634525
-3.75901357348789,-7.23833898192184
-1.4330574731757,2.43881642084228
-5.05681322074918,-5.49243662335784
2.98593010470605,-0.558231837041635
2.44823005007991,0.323043512232881
-2.94128559761903,-0.140074000304752
-5.80170505797481,1.05132194896023
-5.44303729226224,0.883381629564376
-0.906830064240977,-1.16488729012319
-0.790869695017803,-0.752345859887847
-6.20265471247023,-4.3213523308107
-5.13684379401884,0.644461204501594
1.64700646795353,5.01053497432201
-1.53153264709869,1.20033737088138
-0.377168678770749,1.59259417132473
6.10363779252786,0.131660556104724
-0.0835300668633485,1.42443090878838
4.62807256062494,2.68391311910159
0.52915918073831,-0.876325545028169
0.116603430311431,-0.360223643136588
-1.82074635215849,-0.394041670004091
5.67520186560696,-1.12484185263676
-2.06691764764433,1.62592389257321
-3.20384706008283,-0.14797345210403
2.04259793658049,-4.1209022944989
-1.78594617305943,3.37917704025414
-3.63107106645367,0.865828734682674
-0.815618598471627,0.877023864975727
-6.37524393586518,1.61421229242011
0.911487836737005,-3.94970743504981
-0.395223985646331,1.89545819612894
-5.8939821327334,-1.13262799290895
-3.2774126798845,-0.459589023530789
-5.46542777175251,0.720014785476387
-3.06785217953554,0.196591170343491
-4.1298380623292,0.352967827822146
-6.11967760225473,1.07226413668673
-3.82242550915547,-6.8965835624789
-2.89913324873141,-7.45584107494419
-4.16968946461816,-7.60501603093314
-5.56509323922723,0.675090634626009
-3.92121463621785,-7.81447480391916
-3.64898654744052,0.284310769300969
-4.74898755137031,2.05711338930215
-4.52352148841208,-5.85111766065566
0.965457389400201,-3.47418622115751
-2.81765706580421,-0.541547675013801
-1.5838513368101,2.68078422607151
-1.62967838885346,1.92365581717362
-1.92551925755889,0.103910761796195
-2.03217526857213,0.235990899393713
-1.16459760476579,0.535837991523041
-0.541959492890743,-7.35095050445951
4.50784520054778,1.48078549363542
-3.63035083526382,0.0907638564523199
-1.3680680237482,0.123911191311852
3.83667930635172,-1.82285280774346
-3.20148493674225,-7.55639352928929
-1.99754764842979,0.211793504288578
-5.72650354590231,-4.66821303783879
-3.08457987569754,0.357097888774881
-3.82707919483696,0.562557855965234
1.21955099798759,-0.373101294435434
1.11030424870206,0.933127783075371
-2.33262194235943,1.27541677206212
-2.55918153899794,0.558916237106236
-3.99143461236788,-7.86730965114802
-2.21834045984722,-0.904792301234563
-0.981811324594392,2.67090339903273
-5.31695954445986,-5.33737956722624
-4.80675400255902,1.03227805721412
5.34610844843035,-0.385172281348732
1.96157633272032,-1.00234315243542
4.83037356814696,0.153986121954068
1.96250714609561,2.98122546073024
-3.46786236467453,1.33902722640105
-4.16119821402614,1.48158880250754
-4.41418944881017,0.908177056631411
-3.43271473931368,-0.772827596934494
-0.686758241759156,0.0840051127979541
-2.94958681334083,0.854445359137741
-3.45391897196709,-0.149805439880082
-2.26391686156536,-0.168840371374686
-1.85474605900855,0.437439082938096
-1.27450207687623,-0.934912076984051
-4.97061459418054,-2.58516184091262
6.89972089077055,1.62716716882601
-2.16024524220269,0.84970575698564
-1.27296502604924,0.367726397112451
-6.24385139178494,-3.79012178431779
-3.81405637247976,-3.33359163335285
-2.36626383609939,-8.07547408846071
-2.42362321735144,-8.11753690045928
-3.58438284805878,-4.94554437980878
1.99579809570082,-2.11308144747191
4.23127796804375,-1.05079312221686
2.29740182132596,0.270711350864397
-5.23866093735798,1.16045377411216
-1.4651766210535,0.616168295225302
3.91563846334732,1.67526581481672
-2.25826518889522,0.18920959966745
-2.74551607130102,0.599667065662328
5.92299015296081,0.468208176031058
-5.84456516089554,1.22760381007374
-5.02484613400521,-5.21877264010604
-0.308576350880575,0.00240099586837145
-1.16072987560104,1.74153166683556
-7.44119283238958,1.32941058518384
1.18176033230142,-1.81541769426564
-4.5022913805531,0.547008820808018
-2.82740396003152,-3.71783012344621
-5.99009704417068,-6.02627780954089
-3.31168668928689,0.128144808461695
-1.94423407272326,0.0857184850260344
-0.973266537186104,2.40760353456663
-2.41875236510848,-2.73569931080859
-8.58184705268642,0.972835983140194
-3.03527857108146,-0.55296937465974
-1.30284875513442,0.743468905208407
-2.78209250749485,-7.97924465754238
-4.97872867256206,0.421780039932238
0.107088679546453,2.31690771869598
-1.46189550380586,-0.172003095584347
5.78407690708298,-0.482860066622876
-4.20897918879893,0.378699068901722
-3.97765699885827,-2.63231914775005
1.75970948305788,1.55360226138077
-5.63878402247022,1.92059884053703
-2.42026249324324,-0.0762708308383585
-1.79677212467567,0.669422226014137
-2.94639633260611,-0.193224894516168
-2.80130800029253,2.47840456654266
-2.75481034877119,-7.43760855151989
-1.45614632928068,0.261137578824818
-1.85631144911801,-5.78895164185968
-2.11127229421503,-1.9163411223987
2.44620211005989,0.574148554880179
-3.70500494478181,-8.65080426111984
-3.66700137013031,0.402422042624281
1.13444914799489,-0.554920653612081
-3.76625803378142,0.248673244960837
-1.1502507712077,1.36027032436377
-2.30297638167768,0.0561088207463498
-6.04968863102661,-1.14646189347434
0.789973361152983,-0.634956409334799
-4.8163154333384,1.8964209271495
3.13501853211935,1.45550385014229
-1.91545121898302,1.73025636385558
-1.56368688774911,-1.28909572616678
-0.12800587667873,2.07590229806203
-1.39212248327909,1.07301242281001
-2.42618656174905,-1.00870774343187
3.31594014076646,-2.63049188540352
-0.783771425033505,-0.590751087737165
-4.1272655448614,-9.53843655966873
-3.00956625744922,-2.32060577386022
5.41010175322057,-0.506416502451027
-4.64083883388529,1.79993800282785
-2.98342388056017,-8.52399654589223
-2.98665175047608,-7.53035657395761
-5.1650566892183,-4.14433506133908
5.70418546010849,1.2223912352862
-0.957833662985463,2.44251219237637
-5.79188481213472,-5.15300053696457
-4.00129078219769,-7.44485334747017
-3.46235342318378,1.03644179699601
-3.18072296463584,0.903912294759233
-5.21509858735832,-4.98494625945496
2.69630951387786,1.73553202986235
-1.54694100946931,0.531155372859857
-4.12663098499533,1.24812460904652
-3.33544757008719,-7.21427880996437
-6.97856555180592,4.94342361621145
-3.05554662370347,-1.78274954567018
-4.26327626125285,1.93213561875325
-3.45397015069888,-10.060344624894
-4.17222630170677,0.535954114718564
-3.43096581429274,-6.98831470470371
-0.519949404861109,0.915737859794907
-4.74227933680186,-1.04262143944252
2.97940814044118,2.21523889331081
-6.02920914710511,-5.90016183244171
2.50311009137683,1.96796908432696
-0.700597701972632,0.0228875560072543
-4.48294424352161,0.377113820587832
-6.26419661542675,-4.36852630426117
-6.82289157313272,-3.6270959303935
-2.78694538025853,1.06564724262418
-1.08255239619639,-0.759107249100927
-0.792292959560652,1.53631670820633
-3.53780046821831,-0.307239552104906
-2.63394374989306,-1.56895327172148
-6.10801876531149,-4.53030027070793
0.565959764345628,3.71732812244452
-1.41555885512625,1.63324974883254
0.55583722985484,5.3974254006549
-2.38887406003616,-1.77007721634721
-3.01232878646829,-1.96311910410943
-2.64448737320738,-2.58778294133109
-1.06974086095702,1.45324645404502
-3.17689119166662,0.49005293787083
-2.76758152620794,1.17994409139088
1.82350421217395,5.47452181144612
-0.642756280231523,-0.670304506839534
-0.343767807934305,1.32817029485411
-3.6938044103232,-4.19756032593235
1.80717124311323,-0.0924402290749876
-0.854881629057212,-0.576499786138088
-5.05036915688627,0.0880170754199329
6.73127851107812,0.72411036312919
-2.57066157353481,-2.03968388863912
-2.05295781587567,2.16710085022303
-2.84689106979088,-7.29874222275379
-0.953521472165879,1.81742833240027
-2.17704118070565,1.44731280663588
-2.15232094685994,-8.57492494973147
-4.05287883896488,1.23452521663145
-6.08554553381138,0.676230901673495
-2.13308322133333,2.00647190306339
5.65454405390691,-0.583540018639798
-5.64628640526044,1.39016058024798
-2.76682706459271,-0.180719504133882
-4.4265925371948,1.22976265249571
-1.34879650718297,0.331381985928291
-2.89348171564716,0.355480881743637
-5.93621291638074,-2.55382438982525
3.76516543283023,1.3245813131893
-0.473111058095215,1.75163391049139
-3.43964540698353,0.0979853528469999
-3.62295015650018,-7.31693120251447
0.0739914744205457,1.63993118863945
-4.43587854231832,1.56315621403839
-4.80946343446741,-0.0423309332826241
-5.33780232697897,1.29532288104621
-5.24286127893197,1.60073662257973
3.39858124591096,1.68573610908668
-5.79815881872307,0.861241473476003
-2.73913619638214,-3.19112808935264
0.0167017678705494,-0.953130848667624
-1.66332435484971,-0.0347578218410723
-5.56033524740515,0.654038636039994
2.93592542602033,0.505531713905622
-1.52365678728151,2.11539948295366
-0.947407077365609,-0.389663200154498
-3.79862179583988,1.01471268271272
-4.76441327285804,-0.857343886563102
-1.61588821127685,1.20651064654457
1.17645102840379,-0.336987904385671
5.58230961183412,0.700201572298804
-0.639155750693173,1.46013358318006
-5.779697361065,-0.448489732022966
-2.8086902836959,-2.00085282250438
-3.43225012856811,-7.47125227683803
-3.01063152394914,-4.75122110383748
-1.00316322721971,0.607013255447866
-3.54036845886144,1.71309194405742
-2.21624852994141,0.984630208058103
-3.51179238950464,-8.94379962757801
-4.807272853643,0.396141194632987
3.17404949042844,1.7338946771015
-1.90004269287177,-6.99295072580975
-2.81024257960535,-3.54012087927041
-1.13203046488873,-1.44910251547865
-0.601749860845222,1.41814390421814
-5.33984236240763,0.273811429272829
-5.10093713225957,0.781616204998558
-3.51239866164064,-0.805251493013895
-6.69142305742324,-4.49325363661658
6.92569196966833,1.10299066915023
-1.78184667899708,2.49514150847534
-4.74867336087609,0.918177066442339
-0.27951361168714,1.8294419014229
8.61469679305633,2.97408916420397
-2.03173633684683,-1.63221407842668
-2.02078222854571,-8.29747990587221
-2.85460318716166,2.34405815227603
-4.35415680565043,1.31005477852487
-1.83503362959134,-0.436055111276626
-5.54950776021374,-4.58042155050928
4.27896075727565,0.651362259974582
3.43834678582281,6.59080715708173
-5.79058955238852,-5.73604014271128
6.8239961633023,-1.8302308580397
-4.67005407848614,-2.12816152763467
-3.50033218665315,1.23469841864652
3.15132425253621,-3.11093466235283
-3.1274297283271,-5.95840166873193
-1.30489265000021,1.88984506244651
-3.80332710108455,-8.03363685248422
-4.67635453679658,0.143965342715932
-0.823937245680437,0.804950926252754
-2.76580296622996,-1.9680939504417
-5.87776473678314,-3.50083110788952
-1.83799301220016,2.89895090400224
-2.30756639668771,0.315069210254917
-3.56603429035984,0.563691655700126
-2.50983726850523,-1.62101681691204
5.73875161494472,0.0498318030592518
-3.41437493681952,-7.8977557610624
6.36487446879227,0.0574987110010918
-7.79806429299633,-1.79009321720859
-2.40668511372527,-7.64927226063714
-3.31265936419523,0.618985622538632
-2.03403999059074,0.254822040087827
2.56215128180077,1.43484886728558
-2.91226380662003,0.153101013519782
-5.76156647029434,-4.48268242760258
0.204386010383397,-5.10641611097377
-2.1634941135792,-0.256061847568974
0.944367663148014,2.80879953610189
-6.99201251279812,-0.514309443518499
-1.27720140697887,1.15405242474223
6.52702438365189,0.799591516174817
-5.97317788786369,1.22847724844112
-5.61081314513796,-4.20718651857718
2.40777413177265,-1.64041386508415
-2.91345921914584,0.684808587075981
-5.02157018701821,-7.07035299702217
5.25638754807145,-0.51913225077276
-0.424167346170632,1.41351461581852
-0.298141784959594,-6.37683620811006
-0.537379896770694,0.259977676543382
4.63996029277387,0.352779739158054
-4.88207430179224,1.3768895728747
-1.32839757343976,-6.40410204315928
0.639525004606893,-0.75345829254409
-1.87224852325384,0.79068935585004
-5.51345166016597,-4.83577937515216
-2.60249306022098,-1.6798838719745
7.52403432570353,2.16080810961789
-2.46481726082026,1.14025869048166
3.76604298081371,1.18967987512753
-1.53344401389662,-3.7459963179712
-4.10939936978586,0.695087500083804
2.64569995539071,0.370343789896328
2.91918879843344,2.0418777288797
4.83526788843547,-2.26593079954324
-4.85769983458526,1.53741309928132
-2.62420541739013,0.292869882088793
-2.74062087121536,-1.88754504511297
-0.982867368843244,-7.01158063344139
-1.6264050366643,2.10524398367401
5.50297164193469,1.19296662783413
-3.42074282866312,-2.16489864858822
-0.931358564611259,-6.23927692881691
-1.93493856116986,1.06125588384206
-3.57646080884697,-7.76598722097094
4.27868159825406,-0.454282928740446
-6.00636590727017,0.341243532393448
-1.69359432344615,-0.135969981543967
1.57625911659198,0.553296659770211
0.012416055526285,0.726819431226538
-3.72016241405283,0.638898022160984
-0.213215738708266,3.77649694397197
-0.989662844885626,-1.17966951816318
3.7797923684614,1.26869319223959
-2.9191212246481,-0.347829838766685
3.07746307590395,-0.265257172564446
-2.54680991608941,0.386189666323446
0.999839062456207,0.487809543450318
-3.64920288877996,-7.21932120236022
-8.04118929480635,-2.9384694541183
-2.12279223813754,0.652844658033297
-1.29790169958727,-0.799301963198677
-3.52198517979493,-2.08616836246702
-3.13716848089043,-7.22964220716221
1.28854140868899,-3.52734745107799
-0.861023770657574,1.89240925246416
-1.9519130128897,-0.407381740454596
-0.160502574472289,2.06472538901561
0.0307350406312178,1.56866595202737
-0.525827942602955,1.44290844237994
7.60419664543185,2.1676648722868
-4.30100815937352,0.670751455287163
-6.35173172754009,0.825933625998744
-3.68616106616557,-9.70006408047663
-1.92211051952982,-1.4968370743626
7.5867490351402,1.96893327905791
-0.866086080641372,-0.31552942816306
-1.41355331343791,1.56667995683836
-5.31043117220395,1.16303643622149
-3.20188112063399,-7.16354384478466
-4.90902768046193,1.8300062701504
-1.53753940897527,-0.837473202573479
-4.86856211472835,-7.67918174946182
-0.960817809223878,2.98368641215091
-5.10039522400789,1.02903517931882
-1.36699286633323,3.04777524678797
-3.0897506237335,-2.38914367569305
-0.886547163317134,1.06435936874367
6.1369285763616,1.92767417248572
-4.23008393950817,-5.62327923546483
-4.01764914051084,-0.300254853152347
-1.49123980966127,1.29297499498788
-4.57532460642784,1.26088865371373
-2.96262675316991,-4.74987383837302
-3.42443401296344,0.215036544522095
-4.62002051585045,-8.37664969985956
-5.05368557318686,0.438947978634411
0.0577055416275809,0.813454052639959
-2.10037459416628,0.286835977860309
-6.16413875897031,1.44574146820503
-6.35783117024499,1.16637916286335
-0.598969884603524,2.00064204118458
-0.986192435273626,0.823643870064014
-6.94322781538457,-5.73937108793625
5.97391823379859,0.443416510698251
-0.195832164682257,1.42232894094833
-1.75471568965033,-7.35664756537707
-3.28996295131125,3.35593473988956
1.68263220251398,1.37010469193952
0.0371463424499501,-0.827005215782922
-4.46793085101828,1.3410160062904
-3.80900986146175,-7.55452005112962
-7.3175684044938,0.753673208431124
-4.56975810864677,-1.96875004169012
-2.80007024369909,-7.52805382828
-0.981032728299938,-0.105982681350632
-3.2359191124397,0.279144779583998
-3.22104783750706,-2.33774235051519
-3.3483843678304,-4.82982040444689
-0.162887868788178,-0.205548674548642
4.56988064133924,-1.24056833368994
3.29270279240857,3.46359954634848
-4.46990435312011,0.276663818470247
-4.49516855914987,-1.87203859067205
-0.929367052744,0.801397735408979
-1.26671090385851,-5.53744446839593
-2.58482036858375,0.125966769142631
8.27554598218566,2.760007171566
-0.440377708011057,0.903551466773129
-5.53957215214774,-3.28570812612329
-2.72741254700269,-3.1620682446465
0.793797262652919,-0.668518032099092
-2.95850257193952,0.413525609985284
-1.70068369580938,1.14399900327526
6.43034781361777,0.781557467161742
-1.56893788650177,1.84212217754355
-2.34210900935097,0.0579107308930648
0.474012126001024,0.169406111032717
-6.0996177815027,1.75951938363256
-1.89478333337991,-0.523514019735819
1.15319039316105,-1.25738189793146
-2.92043227540177,3.97389886777801
-2.48450753485645,0.546437867853983
-4.51573874927928,0.354772181687206
-3.949406419642,0.793487657791675
-1.23818343174131,-0.791442905813007
-2.06840109068725,-0.125590378856121
-4.14919210804423,2.14949995563029
-3.62394489200356,-2.14527636203619
2.22028148328257,2.66757774912498
3.10419089487291,-1.73531447591782
-7.44789037307741,-1.42192757192649
-6.11052829036729,-4.39053652035272
-2.83973649302669,-1.41792108348253
-1.22071044605878,2.6436018523324
-4.43110829406812,-8.66973879193239
2.67949551369583,0.623694079289312
7.29820697046948,1.2632568592662
-3.47457335561657,-0.656012298951429
-0.796394677936462,-0.43766186373049
-4.90246157511773,0.349130948785384
-0.514603746565083,0.0404362075835902
-0.328202162227628,-0.809483980256383
-3.04980222938847,-5.24292771611578
-2.98382763048598,-8.45654998913217
-6.15945004356983,1.30385296370327
-3.23045752421374,-6.57904098258862
6.74449421112841,0.00380762511021226
-3.54911256833734,1.18043780213654
-5.55287750538951,0.530178101826834
-1.33079742459824,-0.193007617508274
-3.22311306273151,-7.57914746803879
-5.12526920438001,-4.44218733911204
4.22697257046743,0.640956869697281
-2.63935023132829,-2.11010925570433
-5.87273034955586,2.42855132252518
-4.19517056890179,0.905439508688436
-4.57132495297021,-4.29684614933448
0.0027750999613767,1.41759878108031
-3.43202168712577,-5.11958283552228
-0.446731223504377,0.248231245933294
-3.58423653144851,1.68157923425522
-2.61692700259586,-2.22559319581064
-0.606316605060004,-0.401449943404741
-1.86662896266576,-0.526256145417638
3.43934157077267,-2.29983079565945
-2.2848079541991,-1.67571382999356
7.24688586958651,1.49825900428477
-2.13940544522995,2.59622719355091
-0.507831845960361,-0.958605327176439
-6.92411359854592,1.18716590145273
0.537344050548781,-3.47206548893773
-5.3764275914395,0.697577243638937
4.54297073692228,-1.24936113806445
2.78360326278761,2.17949397094943
-1.60184961120486,0.817894638623258
-1.02249293933897,1.21600708960871
-3.02676878433715,1.18767750901049
-4.12794915974285,-5.11365219017416
-4.66493973854108,-1.21488942056631
-3.11558035488947,0.486193546672598
3.36976709554797,-0.0935207246865813
7.83012373603054,1.25002337671569
-0.808262607699289,1.93746136973393
-0.630797496348846,1.41587220647968
3.01203858385632,1.6295674401428
-3.03585958125903,-1.92802167693538
-3.37201926375867,-6.42711296760491
-3.05058512851872,-0.00194032217472656
-2.43993321721944,0.154260969458137
-2.54099588845419,-1.75405313205101
-2.15182117440542,-0.521087980407919
0.702840533664452,-4.90610075907478
-1.51741370497527,0.694654452729977
-2.91629484544168,-9.45514588305297
-2.63111133241017,-2.12269880053649
-1.63180469472333,1.60365242944361
-3.17063124012992,-6.16922321857435
-3.98143306463412,0.466388552495193
-6.05294130792693,1.07684522412957
-2.55633300259386,-1.83702634142275
-1.86159776099906,-1.26573676934566
-0.559892815484692,1.49163302599374
-2.87676173251237,-4.03424540320492
-4.68258903789588,-4.96629732244211
-3.54557146600667,-5.41261118409578
-2.36677550287435,-7.69526381813743
-2.22920002598584,-0.729170401898116
-3.27093228637157,-1.16048365923413
-3.50768324151025,0.384893451693389
-2.11563394285175,-6.60829481568132
1.91101875446449,-2.47326366711216
0.049109708687153,-1.48552991170418
-5.07952655133221,-4.5701378402175
-4.38265575381702,-5.63410272530497
-3.65641619811691,1.63243356869439
1.42520428502566,3.62051728086486
-0.740395753729583,2.41427827808927
-3.95160251269126,-2.19131415080438
-4.54754412945951,-8.43550003730976
0.171740316524201,-0.628287337866042
2.61625120134758,-0.533884651226512
3.22898529393275,2.02286562958844
1.19444592637522,1.9853362202896
-7.4046138588211,0.160102119731687
-0.218719186209843,2.20552287727363
-0.547058878519191,-1.5392548106093
1.00591325867607,-2.05525125032366
0.870264741849179,-0.706034710704794
3.92926595962665,-2.31782620218888
-1.23880034928021,0.505248037715523
-5.18216140898375,0.208196300252937
-3.84825779059437,0.626415723571187
-2.33777150041693,-6.41456628407891
-1.82641304471481,0.865769777843269
-2.98297965035547,0.806221418002137
-3.15291523633589,-7.50999590122357
-3.55914915161246,-8.03800817305128
2.81451009460971,2.20316082406246
-2.50246284087318,-8.10126262374287
-3.00375597320369,-8.60748279972993
-5.81007513932838,-5.714239303862
1.69104261335212,1.56433864201511
-2.24641609738342,1.68952335849598
2.16371511722582,5.13505120513435
-2.40227945417469,-1.99098358431407
4.54364246634039,0.720846817813603
-4.15033626384055,1.0118251661099
5.35804907547055,1.709307319018
-3.65285857903662,0.206595126469299
2.11284378555439,1.20337199245461
-2.76490918660422,-0.874575173527564
0.528300332914492,-0.91513167686197
2.98415654122075,-0.794455950877891
2.95704963222666,1.97259600865915
0.087965298115129,1.41282385019123
3.3819230657014,1.15343624686328
-1.66411618972707,-1.88601465683524
2.12190306262218,0.996654828500818
-2.00926170229568,-0.395349090891416
0.0761031522444013,1.1885904883009
-0.769352872103885,1.33557211380092
-3.48237601214448,0.159096373728288
-0.399676833174876,1.6949815646201
-0.0199193075944534,1.68815738543913
-4.62137670152776,1.05592989479878
2.03403843696523,-1.15672357443225
-3.27820884403941,-6.89281715046317
-7.5608339329774,-0.374963921729176
-2.47437706259645,-8.71073039345431
-0.861503123305101,-0.986105567533561
-6.79019112287782,-4.72735175017672
-4.2771964111128,1.8253870923375
-3.09448532820085,-1.87443666524713
-7.40227183082521,-2.79799640877846
6.89866338190057,1.52625026960397
1.77469221211655,-1.21310111033885
-3.3207710764166,3.53575947499056
-4.34090599186572,-2.35618035787998
-3.67179035363312,-8.91970951257435
-0.684293119457962,0.126911165235325
-3.86910819302306,0.577185238458081
-1.41927521040654,-8.25219886146199
-4.4846757865952,0.534457400668563
4.46827382615517,2.07509614614237
-2.15837687455169,-0.0168186653384093
-3.17904044564121,0.787089767204165
-2.30977536371573,-9.2117190477097
-4.15424218664059,0.217065680373968
1.35245619781291,4.26147845808055
2.28380268978894,2.05732395571845
-0.410415799879837,1.68767466753572
-6.57247488075085,0.580964675601624
-5.2795322958804,0.211955455277193
0.191868749245325,-0.0735336443958324
1.24338382587748,-1.55260278569502
-1.24255975772516,-0.257090999200326
-4.31041427603351,0.609362832696993
-3.50629042716057,0.887771017085376
4.00560966178165,0.870593916210156
-2.48428225682551,-1.0549421630315
-4.47284164912568,1.25460219214297
4.51339792365147,0.472739911397158
0.833932642281649,0.103807767886518
-0.235202367810974,1.54425714197698
6.46462237719803,-1.54619079288174
-2.64448799932736,-2.04196437608036
-5.33083034410495,1.17004315791497
-0.343034604164267,-0.610763346345529
-2.80279298557292,-7.31887511805238
-5.8864049500938,-0.290875132917568
-2.49549854676624,0.843776894370013
-3.30192756659311,-6.93319647637872
-4.94399972596388,3.99036822311016
-0.0955941466084202,0.140101817834686
-5.37195055088448,-4.86979681349577
-2.6754766389864,-0.133935360259527
-2.98168829849919,-4.84997421792853
-4.17972945833607,0.710894796978939
-4.29957634579795,0.932630148061196
-6.46968653046852,-3.35448135028087
-5.10346593055537,-8.52100408323512
-1.18642546076466,1.47107366987091
-1.78819033289028,0.0684961455009552
-5.40439168089365,-0.399614291160839
1.08710559049084,1.39331836823265
-0.521613521596368,1.08997494146127
-0.76079755668788,0.888691224355911
-4.0127144968736,-8.53999030445035
-4.03170638214042,1.83643069957685
-0.298408631217595,-0.660402160497517
-4.64850458107945,0.38199863715953
0.00657296697864074,3.91116472483543
-4.93783326701733,-8.01995427689753
-1.3498122025477,-0.345107013307595
0.904336668115431,-0.601655283331991
-1.750760137689,1.8448236611715
-4.95907805692597,1.45544375426593
7.49161599355933,1.26573428171871
-5.93672238106278,-4.61964806173795
-5.84679238124287,1.71494416298501
-5.17537752406708,0.779558899490345
-2.65207426595285,-2.66641123927944
-0.626857826849127,1.72308155715527
-3.91452766974296,-1.83925414481209
-4.45877739278944,-7.82593801864035
-0.59917707866663,-1.72439415056609
-3.48000048344855,0.699529792527977
-1.90767807244834,0.476804693910095
-6.77239490455079,4.39177777012736
-4.47406142098202,-3.44769357619207
-3.89491711097276,-5.09455705835319
-2.31571822274917,0.583578876741951
-3.08945227764133,-5.65737731694485
-3.66998020710222,1.49968663445391
-1.99045503293048,0.158562597598684
-1.66132684402459,-0.339860388985208
-1.56657708892548,-0.253129101270668
-2.34537024240493,0.537302792501976
-5.11029798264382,0.266529292061733
-1.06748200490785,0.387674149093822
-1.75948875636196,1.90903023019028
-1.50905129295828,-0.0412131366166278
-4.39427628266968,-8.81915719240352
1.93938808145586,0.820407457599899
-2.99644225987845,0.507900684520066
-3.9074400430654,-6.93404362301971
-3.30826020610958,-7.37971885322256
-2.77661598721206,1.03763086501602
-3.64593383090849,-6.77451635520943
-2.04403873709119,2.11396090027492
-4.08014878072169,0.223463194336273
-4.86568084234282,0.776128585306547
0.867209078200217,-0.999826935969131
1.53294274914606,-0.401507822680922
-1.88035433764648,-0.188476557723017
0.668767057987655,-0.989722287987094
-0.26126627321188,-0.0638458249609959
2.892563935305,3.30608085426323
-4.64627997643407,-6.14770488079654
3.05055748250719,0.299316518622021
-4.67698826896341,0.525969130575082
-0.98206816717742,2.02065260327416
0.832899593165773,0.392741755917577
-0.58498214391612,1.5452687636413
-5.7662110540852,-3.03679795691581
-0.675864710039181,-0.51948038770898
-3.53770757006221,-0.028840841832042
4.55196058525681,-1.27559098681284
-3.22503104169796,3.35806104482969
-4.89842285099384,-8.53854763350486
-3.60243293634906,-0.0192837291064561
-2.68940562371687,2.82603765998805
1.74135582879694,-2.60989814919617
-4.02155606414513,0.206454650972625
-3.22056847747308,0.245675022223771
0.639672777106074,-4.59092791332124
6.71484756330675,1.00549143089174
-4.43163401343958,0.326174630335364
0.750481479482171,-0.225642037688506
-2.93127314783338,-4.48244954245282
-2.45642658541147,-0.475449872962449
-2.98369022292572,-1.2266472114449
-0.945150191603289,1.70772517561204
-2.65297737601648,1.11588845965045
-2.70881679135312,-2.73684557687835
0.34977763196473,0.583449184849826
-0.546841714320141,3.15910485494125
-4.43485574486236,0.323556032187117
-3.53200158673586,-7.41365961092118
4.96658178093632,0.483690542179469
1.94418339351209,-1.61531360164158
-3.45007075935724,-0.645410119770197
3.57221870548387,0.338615652754656
-1.35911965453481,-8.28214737535012
-5.24444654078016,-5.03900064611296
-4.95422346259469,1.51189182827603
-4.49666156024223,-8.28134141085309
5.58670184387762,-0.435731741699051
3.44750105482127,1.99290455752069
-1.40503450250729,0.42372594801488
-1.53211860857394,2.71664144894287
-4.07107569199025,0.632675147599395
-7.24198313803877,-6.20297458567524
3.54903151230824,1.00638620842878
-2.5926245844808,0.57096924850301
2.65363652725384,-2.52757079270728
-0.92166874301662,-0.868336208984483
-0.595912825109352,-0.323123294777848
-1.88472293440746,-1.70989512789032
-1.70305225332188,-1.80053747549886
-0.220619546743817,-5.1632364077453
-2.209913998802,0.0206435059093422
-0.280104249478417,0.837305937405805
-4.03502090937739,0.724708534337543
-1.54629411462243,-0.652337764205032
6.01520308027039,0.578128913387939
-2.62826007726719,-2.26387149127178
-3.24054981875244,-6.81839413891903
1.67893033081047,-2.95255280552047
-1.62227382526256,3.41201305865264
-2.9310344458404,-8.02069138341828
-4.67674253074826,-7.65360140084113
-1.73925891316745,1.23010386027656
3.19096512181645,-3.11513710221998
-5.70418490406118,1.64240389520854
-0.0365157946433334,0.942577208041397
-0.403280063079363,1.93337590383576
-4.26765448559035,0.557215211483625
-2.06126774716299,-5.58457498708682
-2.78342128874541,-3.50502480251183
-1.41822714727796,1.74604099285839
-0.304120325075003,1.59737221321433
-7.32603867592699,2.95630250651277
-0.821613690304526,1.89081186782037
-5.09004734612687,0.910110577562872
-0.459731728044239,-0.538066426943499
-0.827405798458501,2.16220684805018
-4.78113749280304,1.08554055289284
-0.35459253851018,1.92259051939442
6.85568596449874,0.788198783039522
-3.5556570454729,-7.35139730737428
0.0719327629853793,1.41501832514155
-2.88957203278807,-4.30631344317317
-2.80366300171071,0.530061807937614
3.32346234182037,1.45317892509955
-5.55438996550279,1.79659608936299
1.15821210288985,6.4451634869022
-5.32735057238746,-3.75020067858479
-2.61685755593647,-2.32823569748784
0.691982262259143,1.41627504122498
-2.36858233300798,2.08503300262689
-2.29675137204497,-7.06934447025428
0.259107371415155,4.89900541623699
-3.35717218158319,-7.12759438749262
-5.93157576998053,1.1785282710236
-2.98192217306902,-4.64698446945475
-2.64334464770691,-2.29443698491448
-1.22054410632064,1.0818743052375
-5.18586304520125,0.643836972139468
5.26137450620761,-1.34878162338683
1.56187632442101,-3.43533650858986
-1.1212857346549,0.692069112210108
-1.92164758916993,-0.750871097017336
-1.45410100206764,1.78125603433339
-1.90189929485453,-0.136850806659832
6.71967386374818,-0.0975128001137529
-1.5970307364493,1.68552203765697
-6.37568585915454,0.558021007814357
-1.11174920156502,0.721487326257732
-0.78712789503449,-0.744408338068496
-3.01252437808936,-0.0896154296897297
-1.71680993785624,-7.49128523811914
-4.48441668340545,-3.24855604178153
-5.35964859627681,-4.27851264654059
-5.51997315884542,0.433980867679319
-2.82764640065669,2.62219588773508
-4.29757603862011,-9.77073458546079
-3.08025620927037,0.761526257813685
-5.66364243545541,0.842908490688994
2.53912758573615,1.88700731515121
-1.57567934857,-1.62209618457781
2.67547621906075,3.23451387392286
-2.62455546941716,-7.55518804148602
3.87173460251982,0.895127791957686
-3.81681218996347,-8.61994910026692
0.905448450543313,0.164346521789103
-0.634163212673647,1.37417368417161
0.0521573247539581,-6.27381522152891
-1.64245245126835,3.23947300354923
-4.50388453614952,-5.85104494680633
-0.651746193759883,2.05704227389227
-8.31179090377893,-1.96404576747606
-0.254346479399232,-0.0657834242221984
-3.90022173950083,3.69233945172044
6.51622032382048,0.487818031860029
0.856846388474784,1.65940832218797
0.892620449493981,-0.803997101380855
2.09405452396104,2.87485215488309
2.83483286006002,0.973148009893612
-6.49368606549385,-3.54387975631758
-0.254522432783836,-0.430109703563473
-2.2155422976902,-0.370582852733757
-0.215442956262202,1.50109775531114
-4.50698642869569,-7.09724629622227
-2.93915513893375,-4.45736853503367
-4.81510864483923,0.60675105184915
-2.942635781431,-4.5182374177389
5.88433457393634,-0.974302054653645
0.763323720734788,-5.74199626967977
-3.27544986802438,-0.211157104427286
-4.10922380237408,0.286856292713209
-4.2080836324603,-6.06475229816784
1.05425848524389,4.05052563141136
-3.78040472922278,-8.09604975171609
-4.25844454209394,1.32169360523076
-1.9970683962115,-6.76366834359251
-1.3120850228416,0.482194056413302
-1.06084595481709,2.45218739462534
-3.80336986353121,1.33157106250657
-2.11864600220755,-0.56454022283401
6.17487839468078,0.497648553297491
-6.45747538120745,-2.97398927084594
-2.35238409306661,-1.96921003227937
-2.65691747690735,-2.48112977449281
-4.52164945843467,0.0184394447002824
1.08925864404213,3.79971447414224
3.9213030512348,1.39089841414425
-1.45794643441708,-1.30307875516581
-2.09222361846505,0.788071853366873
-5.74932099132292,-5.21345567860332
-2.34895803003428,0.196528547597669
-1.93290273070099,2.62245532817835
-2.84594536936163,-8.39834234557632
-2.59774109597275,-2.6201754322442
-4.93938544751507,-4.41083262029296
-5.0172244597971,0.445272057064033
2.57916114771037,2.41548724524213
-2.95743371488318,-0.517532340939819
-0.916531908103976,-0.0262264716534192
-3.47189068796498,-7.24501598929295
-1.48503474610479,0.645584931929987
-2.54979483789231,-1.68542659628285
4.68174163447422,0.183464085764611
-5.68991684300419,-6.19680778030962
5.44941046243628,-0.646844061235929
-5.41984315715624,-3.41148215315393
5.26726368117762,-1.4617858150232
-0.166229701632421,3.15977735790175
-2.13374970113111,-0.0492317892939745
-4.43846020300172,-7.89188823693519
-4.72138485397345,1.70257235532368
-1.14667949177009,2.3730620476079
-5.54809074802615,1.86905061311707
-2.32358074585898,2.20447353410044
-1.55604447997624,-1.30733105798761
0.619930380602393,-0.486017455768588
1.48379211939134,0.400891509747888
5.39905115410406,1.08480795117566
-2.63273751991312,3.01146081911339
-3.98294522854647,0.557568122220532
2.50931806511166,1.83013815714826
-2.4425934125211,0.00100280250974627
-2.30454041091782,-0.233579770016498
-2.06018244812221,-7.40797870824074
-3.09617779919326,0.537436568514383
-2.19400496188111,-0.425796230937026
-0.299000723582352,2.17715695240455
-4.17018082207502,-8.00502577998077
-3.80086614156133,-0.0606272320197003
-1.28916771090394,-0.0179109960147033
-0.608006799584196,-0.403097754122903
-1.69586976945018,1.63254733271591
-2.51311733810654,-1.61694987628073
-2.11726041346358,1.23681253457445
-2.94897462237895,-6.8574807494531
-2.85481445310635,0.338970359742225
3.31835191797485,0.888637316106785
-3.90745723781947,0.134121515165948
-2.83140943633013,-1.91606765703287
3.43353747199035,1.16264468284381
-2.18260664873796,-7.96557175610734
0.189389458532114,-0.571822469725569
-7.56054619000784,1.09731037833404
-2.52668088706907,-2.10376905672468
-0.864228686998653,1.33361469668911
2.96884779566925,1.88942689122723
0.67117377259796,1.34083502894246
-3.88519168517506,-9.19058796437609
-2.50726913359842,-1.34205460032004
1.54347759309971,-0.324544662605626
6.88032083320905,1.53750873017061
-0.788208150938206,1.76742248148904
-0.78829373940709,-1.33993643500659
3.61510950475617,1.33922815496629
5.61266549781776,-0.178486862786496
-5.41291431763994,-5.90863545468321
-2.66809046904088,-2.55336742370716
7.83741515290721,1.50460071442024
-1.54050088084957,0.746164335747388
0.500768557842847,-0.188548913918317
-3.82017329686546,0.87659583114807
0.221210577968106,0.500297037659887
-2.99577078670647,-1.33634508921235
-1.34217120721739,-8.1856262865869
-2.85882828322352,0.13246005110747
-0.574123184561183,2.15207430921688
1.82918305467813,2.67967757362124
-2.02689598541297,-5.98674071550965
-0.243633747139355,3.38645500418474
-2.17883588033689,0.0525519269994374
5.42821817023337,-0.154784611281556
-3.79735946926484,-8.15933793434056
2.81835690371171,1.40910768852354
-2.50148280266237,2.32252816610968
-3.63965245626474,-6.16546970416065
-1.11403088571652,1.86056367398446
-1.61848936494731,0.577414092778049
-0.93404322839341,-0.860875501375716
-1.07234640392892,2.19092208344883
5.9426518252705,0.817493389179033
-5.02757968972585,-3.99253461099866
7.20531712717648,0.84203326120972
-4.9320535339029,0.545403864963728
-0.896460869486984,-0.330719848677596
4.42833643060197,-1.52452043090353
-4.46740294200195,1.87672992208442
-2.78094135111762,-1.97695443520275
-0.850307835854339,1.80877949028584
-1.40649526573784,-1.51876404055583
-3.11377148358191,1.80320447283221
-1.65896410767911,-1.52263793854855
-3.38061510726143,0.162589460065009
-2.57838814933406,0.880470773787172
-2.88300331183131,-4.15543544532768
-0.301319682301313,1.39523890196393
5.35010215468684,-0.166397400599988
3.47003204101052,6.90040031521676
0.633214835155849,1.33069596139578
-4.28474513858121,-5.13429577498876
-2.09508678811787,0.90352384541566
-2.49199973178969,-1.42030760579003
1.03786042881194,-0.701288639997865
-3.09807779130224,-6.61470377004187
-4.73790836588726,0.517129409513918
1.60227008151594,-2.59944222545979
3.59546884021275,0.490401204384576
-4.02472533514797,-7.72301167631104
-3.64672990171178,-0.154994331959467
-2.04801244257798,2.81848783459523
-4.63854052644926,-4.1310955734167
-3.01805124561835,0.453233004882225
-0.701837868950708,1.42514666885196
-2.61320853677893,-2.23455091040409
2.56982466654931,0.527276730132862
-2.40624065160958,0.207993663620102
-1.79351567959335,1.0794160648844
-4.88076352786508,-5.44981184862107
-5.77762878309089,-4.38724555317478
4.25802785737259,0.588442298002185
-1.44316106775831,2.92280163910867
0.504966024687757,-0.856549835265483
0.986795199314376,-0.0139509962287527
-2.69656562043793,2.55576530118826
-3.37654118602742,0.414533789810751
-1.63893203941416,-0.272493888106859
-0.772217334326606,0.657999739877309
-1.3112893355534,0.228618700417592
-6.72816143976088,-3.17750866054502
-5.80987371700715,0.435398086580638
-2.81451581358335,-2.13065487931636
-1.33991278955774,0.240708567001177
3.86600443870814,0.873287690863878
5.95879418740112,-1.07910883398343
-4.94767254524538,-4.89526001972063
-3.97694402251447,1.25170158423504
-2.68264535778295,0.0523695629848658
-5.88920803636077,-5.00249053992778
-0.635274322557425,2.42955922923548
-3.70068445966389,-4.20240830013409
0.23875525683597,0.712766246863727
-3.50183134554852,-8.54593138541688
1.82968148069287,-0.415898502852446
-0.79386880383489,0.861946650941722
-1.98827355060784,2.14643204130105
1.6605989459396,0.946502405700161
-1.83012405777753,1.93444576361203
-1.97475176003917,-1.58254007706523
-3.05353590087428,-0.24478256265473
-3.56771407240656,-0.326565355322177
1.92895278594752,-0.470361419938819
-1.93097646542236,0.858714424573586
-4.88953435981769,-6.03902851234593
-1.44161816862329,2.68708434153136
0.788286437486303,2.47373940490945
-1.54031930372711,2.9723200849888
-2.34366777476903,1.2676371573177
-3.80233978801705,-2.38034887661391
6.76563564851413,0.305315607319181
0.723603331104502,-4.62486082870514
-2.24705334074415,1.69842111291971
-4.13835601627442,-6.11759622617581
4.08152410382431,1.07830589277059
-6.71705059790108,1.29348672045961
-0.66944519327303,1.67783242399721
3.49272901534396,5.09438115260636
2.29336671222563,0.482493467251589
-4.82183312326102,0.28702780995534
-2.97781555058686,-0.766698834699451
-2.78023827738533,-3.35441547358385
-3.31599074943168,-1.90577472754191
-4.18249081762706,3.22962123303171
-0.810515027947794,0.918249770017634
-1.25332759616429,-1.05523225472503
-1.62639412460084,-8.0708736631281
-2.97487805762686,-4.75501160546558
-1.72827770146629,3.10095769613211
-2.34082043201737,-8.1705761827123
-2.73087752217499,-8.99819989836352
-0.510682432459323,-0.737352134009053
-2.55119135160593,-0.521267393338053
-2.58405167992398,2.45694075262344
5.27579806872139,1.43688637909932
-5.37559559857003,-4.36672304237498
0.100236440894105,1.29565776713843
-0.853798573262248,-1.00664217851984
-0.178847085585596,0.330142799798885
-2.88418482133335,-4.14249447722842
-1.60557306121724,0.436400856179609
-4.31759841079672,1.72617212117063
3.81668597456524,-0.641353702317984
1.96722341793263,-2.08059577859886
-2.38438274180297,-0.660585628692436
0.820414785433159,3.413041393926
-2.02317993335253,1.22229169732083
-4.68711731161761,-3.13486438198875
-1.78817463815327,-0.914334421492515
-5.31759056430351,-8.69466227450087
-4.38111770464025,-7.69293986066154
-2.82606692649664,-3.76900726196305
-1.3928781845843,-7.01344826708563
-2.73520818705176,1.7298876083355
-1.75874761507284,-0.00666368243486493
-3.48350634532312,3.49510703413738
0.570094398065325,-0.95817659319001
-2.36828282976163,3.15783387848273
-0.682217235614894,1.88089910674903
-5.01139903082095,-5.09220094015996
-3.05602705503604,1.08726491225402
-3.90953316807774,-0.360564062489557
-6.2681037085609,-5.58412475403822
-1.44337161450092,1.6224637718486
2.70972167919229,0.814864128428015
-0.531957054262693,0.454005736372232
-4.58448477496139,-8.11336378424905
-5.50322033255619,-0.350528828593996
3.07301284972804,0.75321760530518
4.28949290943533,0.822270243856744
-1.34225330323882,-0.132386022757605
-5.39852273029234,-4.06936441537897
-4.32532102095205,1.52606769793274
-2.68456804285281,-6.71878430116594
6.54503404397305,0.317169436174822
6.13374733632701,1.12626715891654
-5.27982867786809,-8.99465890172798
-6.1035025400182,-6.92464200058738
-2.71762223654209,-2.98196387921837
-3.16790413913136,-8.00175151235606
-3.29650968715455,-7.33965690921117
-1.03984785295392,2.05067721775888
4.23853319938401,-2.24156866994183
-2.60872448242421,-2.25339032216407
-3.53957760879631,-6.88638433803755
4.45813712762418,-1.62877908555262
-1.54342446502042,-6.90902986477506
5.55462683075638,0.190101881456939
-2.53231111384437,-7.57296516939203
3.82489459076134,1.05172611316307
-2.19572058211789,0.398914695688566
-0.704556506872818,1.83499459203192
-0.710296579253089,1.89105900218933
-5.2207800561257,1.035002682375
-2.55926135445866,-7.63359862504555
-0.769620658614266,-0.750075140748035
-2.67845816257494,1.16785768739483
-2.34011473774325,0.983123363962226
-3.56254051941791,0.0231350994954966
-0.15772078400369,1.17736030854155
-1.05953296649769,1.73289167146542
5.33112596519611,0.895134381933136
1.71274107260754,-1.7265839750617
6.22929618168288,0.56379252277843
-3.76739304902742,0.220136994048708
-3.13821880715404,3.88048701320898
3.09212505281782,0.859860360559244
2.74229769307447,0.496501026691113
-1.55671014858771,-0.969673535049964
-0.407745819422148,1.86572839876314
-1.82501164668093,0.0628819456945647
-4.72011612888378,-5.63524131306769
-2.21643115686678,-6.7864851617374
-3.52380534460056,-0.827328544008993
-0.800623300815458,-0.282319410210296
-2.85735260095873,1.68268042705226
-3.34684018552487,-4.05882202413357
-1.62410846695109,1.46396248497665
-1.43489917410988,-6.11392375141268
-3.29287232258211,-8.26080351909788
-2.62467624713634,0.0237579991254819
-1.19880959499197,-6.88164049051537
4.41525106608283,2.52045140183478
-3.68758230283952,-7.96340992838196
-0.993563091543202,0.744629660354215
-0.470562887008249,5.94914527747124
6.18507745224025,0.253202209649385
-3.11204836575618,-5.66273151853157
-1.86404478127684,-2.8090462350774
-1.11209986953786,0.70414561819169
-4.96987923458313,0.327617564627609
-4.07756587323934,0.41500038004245
1.90470061361596,-4.33230276144751
-2.58362436483211,-2.05771083779764
3.22672254289636,2.22477217047238
-1.4998227824488,1.90846494676416
1.66410802996475,0.0592216583580982
0.581686554653928,10.2815407428647
-2.30220093847133,-2.42032280612098
-4.83772733665844,-9.17839323714463
-6.24135759712421,0.803942730140348
6.22921744809424,0.0328523809314267
0.756448936350236,-0.49110319898592
2.94291633977952,0.997254733319711
-5.00496880524518,0.507000228682306
-2.83244806485608,-1.17129627097069
-5.15989131060714,-6.2172960225252
-1.15696986299393,-1.20155820439498
-1.93020084312064,1.81387757147537
-2.78016604127554,-0.149699257594438
-3.36917634257448,-8.24033298640412
5.58590515803081,-0.283623021251427
-4.53804039733357,0.270976334444971
-6.43533685974026,-6.1641630919283
-4.65217048824054,-0.321843969401983
-2.23784827856763,-1.74704028978593
-3.6221809299316,-0.100470188826041
-2.10882126542165,3.7633498246392
-2.40785392436215,-1.61578131362359
4.33627396314462,-1.78060735623685
-2.41826344398184,0.454179189744195
-2.55237798156565,-0.424767136129611
-2.29204110317535,0.639040163331262
1.12110182660498,2.73137689166778
-6.27513950352288,1.46176653441004
-1.99927418675396,0.0989356490265692
3.31356739874676,3.70937643066605
-5.29929308201598,1.23941304857589
-6.30487195996314,-5.03254793676595
-0.424654592510351,1.45839711930343
-2.85307578020123,1.62290509740153
0.688855335437755,-4.23324318463407
-1.82854140862313,-0.252082348720723
7.28691710953061,1.25418065377182
-1.50686400660137,1.40243824564133
-6.30688834338251,-5.09767816174911
-2.16746530625495,0.0435318407941316
-1.30683880827978,-0.99060231346632
-0.180261448281796,1.85326587897462
-5.43715231945926,-6.11830800108558
0.110927341901853,-0.124036970692965
-0.174625061264318,0.307489797195779
-0.205881823631701,0.919073005897285
-6.61409405162906,-3.00475879320941
-4.05991140245925,0.118382068717214
1.50617299757798,4.20672261078386
2.23711493455897,2.66356108527033
-1.54413808673951,-0.284011653817663
0.56781881811175,-1.26108619527908
-1.03038539643728,1.60188150633819
-4.31478959834427,-5.39936175348693
2.11074389451309,0.336359716572191
-0.861317215372093,0.0917325647452603
2.73533289834082,1.14457628866449
6.42778265204619,-1.43149229041432
3.83430549542645,1.0849751802001
-0.26498461210827,1.58527045412127
-2.85965817272708,-0.255955147963193
-1.46710427822289,-1.59969481093319
-3.52265684867107,0.740597179937031
-5.94548709318286,0.40746068546283
-2.51085801364893,-1.90407662267452
-2.00772188430003,-1.9283157767528
-3.33541008912458,-1.4514562205897
1.51765217584205,-1.46340657479783
-2.94026128464379,-4.34528774264903
-2.06486131783756,-1.02663130686479
-1.42388838707107,-0.546142935890793
-3.33862905522627,-7.2782493171244
-1.99302197528504,2.56383821665737
0.93164450259782,2.67245174467835
4.51878240017174,0.60471802728576
3.90853752281196,1.70228012157836
4.05861027325234,3.25043179846708
-3.56861223450962,0.20727957579011
3.41687542795041,2.76062142395282
1.53898599390286,-1.58214998562038
-3.09593746272942,0.711109857853665
-3.11519119398169,0.7814538993437
-3.48930327300913,1.18244377229151
-0.214196961548197,-1.15475280145781
-0.28873718706589,1.69462781605316
-3.58217873614165,-0.0500397464197521
-3.09176577213458,0.462998848574102
-3.56674534585182,-6.57031929676896
-1.13952792089005,1.1755191153768
-2.16301593729199,1.84926882648647
4.84982774181578,0.319476039327639
-1.27003275502833,2.14943418480589
1.05602064498109,1.18343366471097
-5.02804247825641,-7.5250504896455
-2.65336617730603,0.234086999811596
-4.53434778296834,-9.49000644785495
-2.12722869073734,0.371163076534604
-2.94105466530389,-4.52391948751904
6.22967684006289,1.29261948466588
1.64168393484585,-0.428078393462933
-0.37082923079656,-2.70595990534945
3.03896314811963,2.1987276566883
-6.6574955201391,4.18978187717833
-3.54148196863235,0.463000922634037
-4.16723297190634,-4.1265359820608
2.08056543403659,1.00459965032243
-5.67243211979286,0.742217570924383
2.78379945922877,1.02943687568446
-4.02609626406658,-2.38498293306715
4.04726458691411,1.19075332296602
4.97942075514996,0.302814525945278
-2.05328313938382,-7.19767086974104
-0.600346839318099,0.409869924831654
0.335233623094997,0.997157685209919
2.4223863766104,-2.12897152232566
-0.506642654665922,2.32228108820368
-6.01535272245186,0.366170351548865
-0.297309991284797,1.75054446637736
-1.20627379762991,-0.302305339932584
0.614416803941007,1.77743301328471
-5.84499484524715,0.73608582378749
-0.552126883923132,0.245432618014306
-1.96845610090664,0.804862721044165
3.63657626974324,1.5891785206946
-4.93472258436453,-4.90368270939307
-2.65431871064731,0.161727466829452
-3.10511156666811,0.808592424037256
-0.338104673751704,2.4009661422787
2.32805446469343,2.82739993792693
6.48562460289093,-1.6959942736046
-2.92186952812005,0.111627239253235
-4.23936808321494,-6.01223987041904
2.04197771001494,3.06588133562939
-0.297955664718394,0.706742358657951
-6.29819789002103,1.38845747858341
-3.15863767299707,-7.84559070785505
-2.40576142597332,-0.496687341050847
-2.22190902921316,1.54958439110684
1.69525403799585,-2.34683888309097
-1.93598648757213,-1.32589273130027
-2.92325091810896,-0.459009568619567
-1.2358246526104,1.63898623118893
-3.16995750253848,-7.15468883535327
-4.15036331908381,1.3800176971845
-0.420862944273711,-0.350245058449813
-4.43577555524464,1.17981978281635
1.91045279395889,-2.87344647722939
-0.726725968990037,1.44935356064429
-3.19542651508494,-6.398144962353
-3.62202978675046,-0.0599268522075836
-0.77520781359015,1.70229374506834
-2.63449976536755,-2.41194303962432
-3.03329302577115,0.0108135904854291
3.19919841111491,-0.705020377252611
-1.70096092028743,-6.46031968965293
-4.53454539039271,1.02380180211431
2.47049749416334,-2.36148342845651
-3.27591586424886,2.27350019372397
-4.15208864745944,0.525267441204879
2.65606926099863,0.558653772174182
-0.472815509868193,-0.599976926678153
-4.83254735810789,1.29098358842521
2.64906890871561,2.3816092956738
-0.347936149494525,1.90195179557469
4.3262281311877,-1.54720696650281
-2.56538313555806,-9.98665987539343
1.44519577343177,0.676481302048879
-2.38563939152235,3.12930743953341
3.18313488038398,1.99803098741924
6.87054355942952,1.03009516786015
4.50839693485985,6.90055798965168
-2.62661674447131,0.200772157428126
-1.63131558619414,0.638288579448551
6.53876767969812,0.846405951488267
-4.21995131047239,-7.57916525263046
-3.40983330153473,-0.679573476061726
0.528012867943721,-0.859150293416659
-2.17146902347895,-0.215685335663104
-3.06298878589394,1.19584639824485
0.568570214972361,4.56853587978348
-0.587033687745975,0.721602230633587
1.24573580222499,-3.81387672638641
4.51721995405783,-0.169116431563096
-4.19403979359932,-8.65899424302783
-2.91300354896521,0.557170659306363
-3.61573331323593,-5.81077523503517
-0.508747581309824,2.17293346273432
-4.34760516186891,0.542212054282731
-3.58552944553856,0.174632320041575
-3.37861538097806,0.645707207859654
-8.14718858295757,-0.620605475773911
-0.141396737220271,-0.769198344577096
4.38764228323541,1.70935132477426
-2.93536756176031,0.724251311025531
-1.71320421523769,2.98810583714984
-3.10089746458797,-0.784925588770384
-1.34280667152966,-0.207753589864835
-2.27905548656847,0.970534164310177
-7.32184343983475,1.90433562131675
-1.32283883897809,2.48432883737077
-3.04356124021384,-8.18553800406593
0.49509674494337,0.710996296631271
-1.51745031151647,-1.98223907430643
-1.24298847933406,0.0319966477350544
-0.247913595429484,1.75350677841524
-1.45219311105961,-1.62253823098144
3.77335980713096,1.14241272877144
-0.952237026052745,1.57753119443781
-0.119595680185137,0.463615514815261
-0.264784802606089,1.73487140681423
3.8265363213619,0.400907966157544
-3.8531811529336,0.352369768406872
-2.69743285596679,4.07165815031262
1.63085561768133,1.11612361566307
-3.87021149917471,1.18774003726918
-0.43850294314475,-6.51240907460112
-2.31045772113102,5.3581052007149
-1.80115899227106,2.16052128053232
-0.585785472240791,-0.820794756539561
-3.74140004286085,-6.51510123710521
-2.57590198407866,-1.89134879239395
0.167064255375144,-1.59516955744433
1.28832415169413,12.1960286772946
-1.15158011880734,1.7984752224571
0.09737930115375,-0.710061473075005
-3.09578923154987,1.20670625495671
-1.28380571001522,1.4385791107558
-3.4603910709014,-8.27809856974108
-3.42636628537016,-5.84435017254958
-9.23619626842147,-0.145184190387988
-3.88869192340716,-6.50473844168542
-0.319407248359842,2.90933629472568
7.59681014102068,1.68201825613741
-3.32314086590145,-6.71041124586812
-3.52161358816237,0.643870350748044
-0.495758832832111,1.01899287492892
-1.48903677241725,1.67130399593788
-6.00084001607426,-4.49613231629092
-2.80386863553427,-3.54819451075221
-2.76652858465,-3.23778373014419
-1.86821738903892,2.00410988939334
-2.80639528670187,0.282141880609268
-4.10881091145136,0.492986051744777
-5.48597519628425,-5.0400883141272
-2.52687780407925,-2.40859118119667
-4.59246507020382,1.0504774284719
1.58088471320718,-4.44447650176069
-5.68331518883431,0.942007463778947
0.00195100304716833,-0.00715885285383955
-0.379833993159991,2.32970108451697
-6.11340913805157,-1.47727867483083
-2.84087292694833,-3.91353245391015
-1.95877636884054,1.14625323645739
-2.95179834477382,-4.83051111199065
-1.74125494426827,-0.717479525013736
-1.72439600991105,2.12546049747715
-1.7503056257299,0.192032169372179
4.54304973536917,-0.269215880689261
3.85833842843466,0.241358802828066
3.51153781134431,10.5052357975761
-1.21025824145099,-5.75254939756454
-4.11598552187136,0.747920212309626
2.054514344983,2.95144977250505
-3.48542598101995,0.227240281965105
-5.46715961609369,1.17265669608727
-1.44751222104175,-1.4301234654317
-3.94341584929494,2.49578762866318
-1.59951500376344,1.93021852187669
-4.06093317114573,-7.36002365614123
-5.43758419159707,0.355217777465203
-0.529604376335077,0.695291538769769
-0.624073902016308,-0.295217597998242
3.23495558380165,-0.971562547820885
-1.24963145106935,0.201744196158994
-4.17433929804276,0.636367916498169
-1.01239384477205,-0.525392066151845
4.9648415193385,-0.651838913985771
4.167192578078,3.24873874895378
6.58517190571254,0.603647348568136
2.1369018027669,3.77355007376033
-2.80489553988373,-9.06589938490569
-1.58963413961946,-1.62817801702775
-3.11119347726736,-1.5503263240211
-1.03924175260869,1.44989020953108
-4.58833474341515,-9.35490550024622
-2.88605341090452,-0.708760507742953
5.08457220320894,-0.704029322346383
-4.43264722380359,0.774463977384387
-2.88290744622979,-7.51016165283476
-2.17808377465404,1.33107437544411
-2.77888213854733,-2.06305100029148
7.42686775420141,1.3555709680158
-2.83943894694856,-0.245733629919485
-5.20100237829179,1.07633435796946
-3.41621803462244,0.69911601358961
-2.710140673579,0.030199571257064
-3.41425713302051,-5.31560916707329
-5.45800627513884,-2.41598980357334
1.63366593918904,3.03783272408929
5.71442563273446,0.291091676614665
-1.02119372984837,2.17125456397832
-4.57013970073717,-6.61661630143044
-3.38338032319415,0.364281990291607
-0.735315889598444,1.32073071842961
2.60654251643711,1.60424220302131
-2.12704151920287,1.15681943028828
-1.03649949865296,0.306764690738741
-1.10243910551204,2.84621273076224
3.88839184470489,-2.45261561443536
6.20079763542785,0.842284553915798
-2.4284451716555,-1.49427494985369
-3.28195131995173,-6.9532482326403
-4.44363036823282,1.32848015520637
1.81592774310383,3.24281932176257
-2.39093705679226,-1.36035246255152
-2.94843745015531,1.48346067304676
-1.20309549798106,0.619492550163833
2.70548890876828,0.10760325706785
-2.43394145253112,0.975407502903323
-3.83397253977001,-0.0931120455346295
-3.33667106749785,0.241495584592289
-0.451841071252517,-0.0922914133607757
1.90346024344428,0.217622226041067
-1.88319999561045,-1.3546587399958
1.38520784072437,2.2688601909006
-3.49224004988678,0.106922622448288
-0.565903009346758,0.000646549210439051
-0.124287562834853,1.9701921488186
1.59606974394948,0.248563309220067
-4.74715840770095,-7.31275832722407
-3.11980023065365,-5.85513597408237
4.58134366472572,1.98085759596505
-3.7669186694438,0.749531050346168
-3.18817745160568,-7.8391656054765
-2.47314720166174,0.175889979105109
-3.91864246404381,-0.647402570754368
-4.92715311178945,-5.48517457794305
4.06208875296355,2.20308352752594
0.144289738986966,-5.30645476559747
-2.54904510455485,-1.70297605000366
-1.51893784981989,2.96206788938558
-1.99989986005394,-1.19893163684015
-4.75115182521628,-3.97101494668404
-2.59107249638944,-2.150464827449
-1.62702453374963,0.723000750062256
-4.00142389359726,0.784165815421519
6.24627568686411,0.68835964067328
1.90451900724786,-1.77554353289717
2.6026352968446,3.03879844352095
0.175519398773362,-0.225651814570532
-1.89552005305844,-8.03244700797649
-1.15722174689389,1.76195272723944
-0.893847037443992,2.48102383733301
-0.629187214339368,2.23457766699681
-4.89029572366147,-6.54414673245827
-0.376007277347583,0.0682314898794079
-2.25353320858446,1.32225447304854
-0.57147420975821,1.00314577741481
-2.14438543271339,2.97086809618152
-3.10379373111645,-7.93838445102104
7.42135020696017,1.62869549630824
-2.83351444927399,-0.0460208465626192
-3.42020119247785,2.46822184089132
-4.82783341918959,-3.33672710539685
-4.02907434137852,0.994246070879774
-4.40051210801141,-7.16240667337116
-4.11722933470852,-7.94001831149175
-2.88888698055893,0.378554304966621
0.665540005038992,-1.32213199182112
-4.35227748170177,0.667137233871224
-3.99054144858477,1.32573116642168
-1.03580113830425,1.73676159647654
0.198714692223295,2.61345909041077
-3.20551363016471,2.20123924490874
0.669806708462901,-0.60603680991594
1.78272052484601,0.102494385226467
-3.18720470692265,-6.15127525487324
-3.39956194832399,-8.21931574105585
-3.2863391841808,-0.0585556366299584
-3.11138079224357,-8.33847295861963
-2.12701946360511,0.260741276624428
-4.71720367521613,1.69516546114559
-2.88488594250083,0.120981040513835
-1.72446299585049,1.3956720829918
3.19003340493976,-0.634963347333934
-4.38940338722148,-0.425488121355868
5.13573824433079,-1.03837649768879
-4.36321171706012,-6.66315376100087
-2.4147557971691,0.34482094379758
-2.70725383760834,-3.11384178354177
-5.95946303209481,-3.98124927534985
1.39965912657488,3.88630841983143
0.393921701226888,-1.08969925214844
-2.8374776052323,0.599883359220471
5.88933237695301,0.568176392402922
0.419779859867778,4.8861321602877
-4.59894066017665,1.27067517985115
-0.920533307486015,1.91524889999726
2.49576693361326,0.626404888729196
-1.0142040048392,2.28659797894139
-0.625827010736739,0.868807890237572
-2.35290317244306,-7.06481506217773
-1.70846618904246,-7.54274355883181
-3.44305416466015,-8.29559824447754
-1.07708579573827,0.214813838709168
-5.38010026346071,-5.79581337369649
3.13012845887676,1.3121039586599
0.170605437708468,0.518771004026225
-2.81754605513875,-3.59667421305942
-4.09756766868392,-7.81362275200556
-3.55920294787402,2.069605466907
-2.91960867388293,-7.57209927667632
-7.48561907379924,-2.38958253523231
-2.04086510614291,1.08276767853139
-5.6391451542985,-5.25132303877693
-5.47077609936432,0.29554764586981
-5.61495880669658,-3.89220051418092
0.497018224201897,-0.702332648128244
-3.13661052927404,-1.01972834136026
6.52147370738982,0.641225399304873
-4.40140847355261,-6.94076377231319
-5.3853734997964,0.433827101897689
-3.39955544524472,0.234423394315664
-6.4718146068884,-4.60360723785388
9.00874698489961,3.58199204512043
1.5038060133307,-1.60462017621162
-1.67643232221764,-1.09655334668508
1.10744450856844,3.68507354189204
-4.5881251043318,1.68034733370798
2.90989064886736,7.97209258257626
-1.90058023730241,2.43788276894691
-4.6249088269179,-0.262165524295291
6.20426150619042,0.171924912659943
-2.72016834053394,-1.65328724826403
-2.709597319435,-2.00655091661267
1.1958062392841,1.30323366678492
4.72417560313192,-1.07112250263223
-3.57875623942751,0.423033845748966
-3.01766533730835,-2.14768456803221
3.36204373842946,-0.695894416538526
-1.72259329582428,-0.128335319288851
-3.11443041385667,-1.80021806226205
1.67577906043378,-0.0120658999046068
-0.990880913291189,-0.46640998966502
-2.31693765884917,-0.455515791738373
0.0208297813172043,-1.22090775294489
-2.88859072826647,0.856931163172999
-4.41121010229257,-3.59903216337897
-4.82065016593089,-5.00595250373165
-3.50068006184559,3.7991811613686
5.34117492777251,-0.44055662125397
-7.0071183737141,1.31135656991225
-3.565907013998,-0.133563442672312
-0.56926016747207,-0.44121036715208
-2.28747526717016,0.0145382141785255
0.0539469454117067,0.538014682029783
-2.58634016176984,-0.725271979311692
-2.89789733544693,0.653363767092178
-1.75229244941587,1.13965602375847
-1.88611993490123,-1.22143673227532
-4.39438284001502,2.8532628326092
-2.16622585391997,-2.07613974064668
-3.44978608858599,0.227703293720689
-0.928864139279156,0.598520675524301
-0.474538184883466,2.14593157488042
-2.65883944040292,0.897359412764833
-0.343825740488543,1.25876602091132
-2.21962452913319,3.09004651630723
0.857939418857383,2.45975241692687
5.00124444882248,-0.632250539036098
-6.66665629228451,-5.14566213697912
-2.93496811335744,-1.55665423321126
-1.87054446508292,-1.73810755903947
5.76086917360672,-1.00476269394804
0.519133453375522,5.08305978237414
-3.21039781547149,-7.48825201455917
0.206929808595002,-2.6804441417244
-4.07971975852884,1.28175098815683
-3.97679830204081,0.792526148449183
-2.38723375116592,0.313672080600976
-0.308105153991078,1.29026318495004
-1.41422055074272,2.61964884058475
-2.90562170288621,1.9380402138705
-4.58652936092527,0.843833880331647
1.96614690391827,2.81090782311519
-5.50983181429043,-4.4675224281889
-5.66984485697491,0.564575819420364
3.77391768433612,1.00996426944205
-1.47850642429924,0.172340557521316
-2.66286556778316,2.04033961165449
-2.76938912597986,0.425627293058464
1.2627156718027,-3.09261278371276
-1.41510392792434,-0.898294693554447
-3.39152387014299,-7.84948497698614
-4.56728593034903,0.131141976269779
-2.62837475847755,0.161839840521338
9.91350611726981,1.16689586462689
-4.31270021500165,-6.38122707621208
-1.57606337168907,2.34123613484817
0.454256345771364,-1.53023552478514
-0.297005474741186,4.61207420832082
-2.62588931343083,-0.270003546364431
2.44466590241013,0.28743173041466
-1.08858812931442,0.42772358485252
-0.202498704741366,-1.11015186362792
-2.34353912294563,-0.0338139768650085
7.88661641094257,0.938166988266257
-1.93058847946765,2.47986189452711
-3.16053937032252,-5.78646783979559
1.76206987077098,-1.87785530682708
6.95344981519327,1.42287747568217
-0.700875212397957,2.95672462224749
-5.16713399123019,0.190812554355873
-5.59862243288729,-6.4672988308919
-1.84968502727173,-1.28413973854611
0.0585693137534046,0.945660324851284
-2.6835266313553,-4.83167992354287
-3.76293222306118,-7.84273240017339
-1.89145708294402,0.579046931618417
-0.633444783464071,-0.0890285115917078
5.9682198767705,1.31565982292532
-5.05992020581302,0.122642560012527
-3.06710758184698,1.34652828902102
-1.31076385404672,1.2284104970449
-0.137005152055578,1.39680966976711
3.7672865943798,3.00151120499359
-5.47733025685812,2.00962336903272
2.17078830093451,0.0287488051956601
-1.04139060356768,1.06644670134282
-4.06265205315565,0.516577972040657
-0.294076509140484,-0.987693675951964
0.313263014444792,0.376075027125501
-3.32096228249466,-7.1806811838247
-0.997145950405128,2.11395319946674
2.42024082672763,-3.4935114469122
-0.75966716740901,1.40795763874408
5.9218653247481,-0.940025389871151
-1.08581021509207,1.35397544543459
-4.78365793453569,-4.95410243579486
1.92586901341845,0.34808387816885
-1.37682419235813,1.04659355541252
-4.95378949197891,-3.05669352419866
-3.98685205373475,1.05922306279676
-1.18552929918465,1.03302097256943
-5.79071429617133,1.34971697862797
-3.00676913972978,0.221950190586869
-1.78597248876918,1.67367453316816
-2.18069377571511,0.65195708805579
-7.14240750113445,-2.23182675330892
-4.01543026681518,0.486154425750227
-3.81623798253649,-8.05776786210292
2.94271628481237,-0.235479119417719
-0.680961755055403,0.693173922988493
-4.91054129497778,-6.60177485696874
-2.80847263641364,-1.83434760103297
-3.27843432717394,-1.34180107142659
-4.93584530248614,-6.16611058348222
1.23667477123274,0.588501405363427
5.47643533948285,2.26885551420012
-0.124463239378576,0.724138669219597
0.626926995802937,-2.26626890398686
-2.12408644863751,-8.0719530656061
-2.53731417546541,0.640360933304908
2.54375194077333,2.39856087085144
-1.74160952311774,0.370521052657615
-3.83572494874293,0.467882982484894
-3.01017852956771,-0.254156523882443
1.24949955357502,-0.240131362615807
-0.58787258386735,0.616000163344868
-2.06953725489072,2.4778723376931
-2.26378116859127,-0.149636647789632
4.27717366032721,0.678841454533822
-0.625195576736611,-0.668632158415886
-4.52438380708996,0.402754326570392
-0.951929945028128,0.932200996040761
-2.62970007248542,2.61925810018498
-4.16658887018758,0.0595301728979406
-4.67340512701975,-1.70158600087984
-3.97078933561098,-6.24603365782743
-0.391406630605641,0.675869890918513
-5.37970512978529,1.38440323673184
-3.33527112509957,-1.80619214181643
-3.0199038449769,-8.30299951099083
-4.27795730185048,0.802169402898939
-2.42564131876019,-7.79097183034769
-4.18844223025104,-8.89495208558133
-2.01733536914328,0.669687539286834
-4.47491298472997,2.30110060126542
3.85123491593368,0.921793333658975
-4.68991382718794,0.46436065416242
-3.56891231343232,-0.675961625846517
-1.86967186041985,-7.57920511628615
-4.12787475081018,0.530993363407848
-4.44386918691309,5.53566377758517
-1.53962111653996,2.3728080586332
5.33347276949123,-1.30463178905258
-3.26109735387642,-6.83835999532306
-0.306702020398433,1.34250667609232
-6.63444483968441,-0.328873101206692
3.05556538406924,-0.66960152570039
-2.42175729990567,-7.46969356683917
-6.5504042349249,-4.25625898733523
-4.8010513561338,1.63501430788533
-2.85753039889334,0.722198428018831
2.85288091863067,0.427107478773874
-5.45340625970961,0.821010503088215
-0.585118042007977,1.47416017353202
-6.57100105263136,-0.32264475123317
-0.435098429218766,0.269586690125611
-5.59397655242147,-5.52983349865441
2.23489939848533,1.23230617291545
0.100019889924599,1.34903117349122
0.141508637170076,-0.0146827168492343
-2.64570947683993,0.804125051105109
-0.985945688553776,-1.00228629354654
-3.22563454458529,1.48999511112277
-4.30783562140696,-3.07183330207386
-0.285957476868528,-2.65095944676868
-2.03690314470079,2.20999642913104
-3.79682585735011,0.515849347308071
-1.61165008847718,1.75007925905514
-1.22918384071995,1.00471579944348
-1.79941216561399,0.77604494103981
-4.95563072073075,-3.65534480239829
-3.39496837872237,-0.411420157169444
-1.80375398393175,0.487519904181161
-4.20765924261684,-6.19649228838892
3.1344538915363,1.79413799860967
-4.70529057150981,0.0905964910376179
-0.243554752834379,2.0548665143206
-0.407272504026398,-0.183626752116802
-3.27003066265889,-1.94380532714108
-1.88724127509534,0.742010335245346
-2.33986898529114,-0.546927251881214
3.60690001240758,1.18817432005234
-1.68122725767216,-1.73876499075085
-1.85417261175256,1.06708324066099
5.72173029994447,-0.941959945455797
-6.0692279536775,1.69429868204639
-4.0244935583508,-5.77069958815685
-2.17265520858479,-6.73785790335652
-0.441978755991959,2.02652750549426
-4.91093955806619,-0.117056041129641
-0.426579493962006,0.734697377340174
0.39050338085101,0.31603638606791
7.55293937608534,1.23350502223586
-2.21364738547952,-0.964287013454164
-1.08207402405411,1.65301680147328
0.411581744275419,0.82250242948297
-3.73782730004737,-7.55968820595919
4.62313696411421,-1.36541534457823
-2.12959196717599,2.76961335422283
-2.33506425425295,-0.645148522131242
-4.71774822854125,-6.54020103804941
-1.16003368942347,-0.157444788155518
3.34227740689264,1.14233431396107
-3.43956439655346,-8.04685589323625
-2.87064009402237,-0.798193005291866
-4.14977633447551,-0.207728759313182
-3.82350797002928,0.771644648552518
-6.11660941246704,-3.81346116951117
-0.306683172891357,-0.902878249763977
-4.01595141247117,-0.3370094545839
-3.48269256793296,4.83522669340401
-4.98330552107697,-4.58002208730412
-5.1913381261339,1.56883034422074
-0.989706149850777,-0.772381633352924
-3.07952708542925,1.12815803515105
-3.91234814297619,0.0636976354628793
-0.707283574974489,2.38570884297836
-5.30202998638055,0.673414592541999
-1.00731751166047,-1.5627976635889
-2.23252094736016,3.79365016104633
-1.87809625915744,0.184885769197755
8.20420825015241,1.22190628515635
-2.04956904136117,1.1928250476221
-5.78384297832358,1.01039847378013
-0.999494744195792,-0.849490964482516
4.62280279119511,-2.01952889980022
2.33806853688557,-1.41651901415205
-1.89556748163092,-7.1834624410102
-2.79842026786462,-3.40367965711127
-1.61146577356494,0.118986863239324
-2.78024019442672,-3.55666257942274
-2.94472015715051,0.772218595382629
1.23966017593111,-1.0975161115746
-2.003919831116,-1.09239180894367
-2.17178619923151,-1.79379216289643
-0.743771670903608,-0.412248329513783
-4.34367304535618,-6.28962454518921
-2.3059427965233,3.60779583554738e-05
1.85975388805592,0.202807283340433
-4.57212498188202,1.55918721794392
-0.933369014747619,0.823057638919504
-3.60870457630566,-0.981049492773171
-1.55817795100077,0.480366665658851
-1.10479284113415,1.88216323102983
-6.25200149481518,-2.02458480220843
4.47762722461914,0.631145391751585
0.910686165013863,1.08238634036829
6.41106630303109,1.00485436616122
-3.3709737281103,-6.59237349895463
-5.74867870407672,-5.6527857455191
1.0137220074513,0.516455463017005
-4.18059689830824,-9.59176509971398
-3.82793769753725,-7.78144545688596
-2.45943682260932,-1.14793292049897
-2.12699696131527,0.849019866171407
-6.37472806758439,-3.62373995638581
-2.43040139885794,-0.979965179875899
-2.58215199450691,0.467961612438929
-5.17976378237379,-4.3262765432098
-2.81466824599224,-3.58300676386378
-3.74009670738405,-0.466353435936001
-0.692200424573355,2.23423922674801
-0.969603956265601,1.56636924556075
-3.33207600384945,-1.55768985090467
-5.61772327670089,-6.28577958094658
0.24578477923622,1.11518188611568
-5.76218557876811,-4.23465975349852
-1.43240156435694,1.66251297519197
4.78515330450904,-1.05824724019832
2.54182310365115,-1.71202030717249
-2.45626820924216,1.76712745216871
3.42839703121029,-2.04960240393231
4.16860480908486,-1.93860282170854
-3.71121774042199,0.847597584270531
1.7974516779709,2.57550305029154
-0.119478873704764,1.24940476589019
-3.24271122533655,-6.0945865322722
0.905177398693396,2.319924834282
1.99857610265559,1.68344984872481
-5.37118272549809,-4.11042557703835
-1.90630740814665,-0.389317759991583
-0.460875362606076,1.81225051046067
-2.92597358311488,0.541281997418088
4.74052963237671,2.435308574174
-5.42832848085502,0.947857748381275
1.83874959637598,2.36061297857292
4.02211883036958,-2.70553749371505
4.45549891367924,0.795006983141985
-1.9845021954165,1.08451747336086
2.93073412780463,6.50326870282948
-4.06494183951601,1.30144300565184
-0.415784743530526,1.80121893066034
1.94706936687931,3.18277924957512
-3.28483726953168,-0.34859699495832
-4.19483507841634,0.443961253817324
-3.22732930407847,-0.451698355307949
0.455247161502178,0.722278224257668
-2.82434697162453,-1.80303373436951
-1.28372731796604,-8.37496238125832
-3.44426043886185,0.929756623960969
0.100117699687472,-0.157493894620399
2.4759824336128,4.76408616997104
3.24286385584995,1.61728858035107
-2.1540099296234,-7.76453987287993
-2.5020105280747,3.07647022416741
-2.30914480998631,0.422363526283797
-2.33438371770937,-0.572904959983762
-5.18626914360572,0.81010982478064
-4.40766056008433,-0.0735763743727035
-2.01703779797473,0.528329216196136
-2.7607262412808,0.336814732325279
-0.810897933709474,1.59576449396152
-3.07030169420294,-2.05211913935028
-4.77960460364179,-7.02050516284795
-0.582033342835433,2.01136317001911
5.46334574917286,1.40763549303365
-2.24337894784462,-5.86664267691503
-2.45705714429581,-2.07133887728084
-5.43839167254619,-6.44514174436158
1.03874245798237,0.396880192406206
-2.20700185295855,-6.72765151901888
-0.664880181465574,-6.77305314398478
-2.1056031457114,3.51433322603051
-3.69947278031561,-0.0697506479433033
-1.78626227133171,0.167212487739596
-7.27804625635105,0.609728326874544
-1.66054647996285,0.77689279644271
-1.33933571860545,3.11813437652018
-1.39519420002808,0.510767500663207
-3.44371870218474,-0.804053959296005
-2.1654425684208,-0.252552235629389
-0.915714427646415,2.03300232674357
0.727478736108836,-0.469353307173703
-1.99336145831417,2.57562843419799
-1.75520760660578,-8.34757115859
-2.24705788893189,-6.48543012852662
-4.65760437944869,4.1780400134698
-2.14365634197701,0.0190212760480782
-2.25990755236493,-6.77369364892053
-2.8151648866488,-1.77100860880007
-1.52564303793997,-0.46871266997368
-2.18765708139565,-0.273235988495559
-4.89103198342214,1.36739765129117
-6.22891002390316,-3.16407711187002
-0.819046556478523,2.00345108054342
2.10473060508404,1.40665137704945
-2.49122593094493,0.437617818502551
-1.29602412565539,2.38766671093642
1.07201121414376,-0.0432004808831307
-6.70167021892596,2.074036955504
-0.930584959039806,-6.702250683403
-4.29322833675846,0.913370569941734
7.48036979104225,-2.50760088170081
-0.706058023174003,2.10198230254544
3.47073602774585,3.76923162485811
-1.09089973690923,2.06773882630784
-3.3288718548941,-7.26170143378171
3.15616737696329,0.797498312307276
-1.03796363189613,1.63665225168052
-2.05791031703286,-0.0221256540794042
-0.907176819722376,-0.759349134979312
-2.36626548525182,0.865407614875438
-3.44965231383543,0.589819069412919
-1.67638012505313,-6.81380147271666
-1.64384237295471,0.599144951780637
-4.86328514099385,0.0515499165843917
4.91227916977582,0.0233949855145066
3.07861640971906,1.85078238489267
0.999082896716248,-0.44002483561239
-1.2996639849524,-0.558123778614277
2.86759952695357,1.97812203576242
-5.72006859950608,0.968414331453028
-3.88238942907928,-5.87372800963939
-3.72924269525084,4.39126379736158
-4.15723975710195,0.118374567609006
-6.38893014600458,-4.38180416998798
-1.92845073813407,2.68538036810654
1.18319849585144,6.9973007823765
0.000207858320632748,1.49600174958174
-0.529240903347604,0.0918819469586525
-1.55413101262831,1.10251669655154
-6.01552368212678,0.737533933400661
5.23752523232552,-1.53985442479123
-2.85435874234776,-0.255806251549634
-0.950344190459161,1.71477785572412
-1.80885072482096,-0.0401600723319754
-3.21011466968911,1.82616961451312
-0.789022285850631,-0.700170372986171
5.95795143450982,-1.3382839778654
5.05812456429931,0.503478873619975
-2.27811995775895,1.23591936979076
-4.88005981465035,0.494873688556393
1.3698860792505,3.53601046383893
-2.55340221579368,-1.87333216696854
-2.73743272963887,-6.81630760049026
-0.508736874569741,2.12316680180762
-3.83673685380669,2.21202890856048
-3.43045026679402,-0.0128506580830572
-2.18533188029409,-0.118317865064593
2.71304900274874,1.92884939032539
-4.84209914004044,-5.29502406845936
-2.03603585094236,0.758872091527932
4.84134362905722,-0.0427003727224089
-3.60967663072641,1.09900062226419
-3.86359617712472,-7.83342924976075
-6.31562238477835,1.33716754369172
5.30767805056625,1.54666508658985
-3.07342526346086,0.386850108104002
2.08223267033308,-1.24713965145825
-5.25603388574663,0.914478523755962
-5.27156010688344,-4.93995313690781
-6.59286875484121,-3.09862847696791
-0.504070149764262,1.76392890428128
-1.90560065950397,0.769213310616432
-4.95154961698585,0.204764543011853
-0.475725998692273,2.31244283214131
-3.17720462157444,2.04496520365216
0.355636832487692,-5.97279350816381
-0.107110602850367,0.990307387963138
-1.019150925061,-7.97292186015169
8.00283040135704,1.56224171316286
3.10573754808366,1.76870227727611
-3.30964913269729,-3.93261032253147
-6.12172279130018,-4.15740091210045
-5.49553236038003,-8.0787921067664
-4.52105892715569,-2.44380010658285
-2.27264679355536,1.02402146612953
-3.17779076485994,0.412961661146244
-4.14384760478412,-1.95366870438102
-4.05360033103023,-8.1409367501173
-5.35892764800925,2.30622245279267
-1.01762882260851,-1.15867923050459
4.88922932676334,-1.1397670172388
-1.86057252953438,-1.64547517313424
-4.17396591477038,1.43235034962719
-1.95577808346386,0.010683963561356
-4.92954428616652,-6.02757991230674
-3.49601965960429,-2.07445714868266
-0.67977701318511,1.64916404470852
2.3256624875489,0.500462058033294
-3.93377182886352,0.0148670095382497
4.12527311805959,0.771749413240872
0.480538967326558,0.4509962360423
-3.72125986053205,1.44089181935698
0.769016463238763,0.0632883556494857
2.26347109256044,5.62545573877198
-2.15893196866407,-1.98977251504585
-3.8731323846613,-2.37631746485804
-2.04776846302137,-0.0907166365416912
-2.70648136198244,-0.847391601388521
-0.86427466742038,-0.861873540923656
-1.98441665791412,1.50361024806763
-2.64717176879932,-1.03265231274629
-1.95603757346095,-1.68889732580183
-1.80923887073927,-1.69970800533484
5.72798167052965,-0.50927927624734
-0.446019975027366,3.59389611570569
2.55510344631571,0.419618490037987
0.555583862228931,-0.021074164344121
-0.557056790563369,0.92133497139409
-6.9380394149789,0.0747495027710696
-3.58598608834313,-7.92696254766144
7.30473778766241,1.1048703541581
4.53347385876627,4.00486333749608
-2.59094887351856,1.49652383377153
-3.8145953172666,-2.18446392309953
-3.62206443726447,1.98063168301126
0.365592484930722,0.113935971595211
-2.07201337396028,2.36267577906016
-2.07464554918426,0.486332270407579
-1.14781854324318,2.11657196055177
-2.32973584135697,0.231460120631912
-0.906103394836915,0.237878098759734
-2.05414085152277,1.16895811773431
-0.37000650549184,0.454533184802548
-1.41835778612161,2.20954645437979
2.91920691280649,2.05089031523738
-3.2731887623691,-0.215972782947343
-2.27885189471438,0.339757247791622
-2.67272318107793,0.0552563185038978
3.9301781845763,3.07066027217045
-7.09171220243126,2.79891489832943
3.69397543623434,0.867158590808074
-1.98484564217273,0.236340903506834
-2.03587500457475,-1.65853969613912
1.51203536717641,-0.039533720888598
-4.43778469068269,-5.44478456863993
-5.41596307642034,-0.437541557712814
-5.58204861979466,0.706316957630963
-3.9482916428798,1.01611021817312
-4.12283625171062,4.63807945250664
-3.58442630581363,-6.62504667469587
-1.54335456781599,2.58099289775154
-1.26005049308487,0.746820479646007
-3.84867867444321,-0.330915643982949
-3.60748498291195,0.863567090509577
-4.38492740253445,-5.34680328079868
2.04352868551802,2.93961160321797
-2.68734409236977,-2.66241989602669
5.04011896328023,-0.169269857612442
0.677818507575543,-5.17906592451146
-1.53871205751623,3.16445437834762
-0.782110585580244,1.45964745436216
-2.54170896194108,0.113564143751874
0.341781596554829,-1.2522885250816
-3.90550082105985,-9.12426876038308
3.83800194748381,-2.34135023838472
-2.4187568710251,1.36423648963193
-5.6659764139532,-5.31096865795044
3.57875819285969,-2.06886757472438
-3.08325832964529,-0.244714858150079
-2.17249249164981,1.96346089587857
1.7956795337237,0.644960407869161
3.40719224062032,1.23636892770037
1.20362696603703,0.000468402574868687
-5.52630645268504,-0.10676639428504
-1.76660856782867,-8.15397531460977
-5.65326711901532,0.749630646910192
2.8839210816357,0.770624866984197
-4.07404174017101,4.37962906441046
5.67204243776207,0.0804414024292756
0.350357508170036,-0.44485377534967
-4.20301497361335,-8.9290116299645
3.52861992054142,0.697819414834324
-4.71116375288028,0.0922922304986595
-5.04460390360001,-0.260584502410506
-2.59706421295664,0.449706549049696
-3.63863500603074,0.810591855705293
-2.02552489499502,-0.301586694443155
-2.62565546252978,-1.64415270616233
-0.163086393250954,-0.771194685197649
-0.661147513091467,0.55462555213336
-1.11394301565083,2.62344731805227
-1.84867656505705,1.33957620405681
0.244204500490915,-0.643072934269694
4.72718055831471,-1.80713925668795
-2.11345339400753,2.96323303174562
-0.905726038519564,-6.66306683672641
-3.46335570621426,0.147283416253101
-4.34988795655816,-7.34501271796881
-1.92621176581777,-6.68212262545382
-3.99695455029833,0.669467768372488
-3.01124174191881,0.983650928764741
1.80470407421229,2.38198769374288
4.00214941085445,0.76185155285756
-4.32017884498321,0.511869219902942
0.419429719375697,0.569294475408539
3.61562602588855,0.486958053564818
-3.77341849752347,0.984607117485902
-1.23629578556322,1.83151516176961
-1.59560190717452,0.900178696654003
-3.24277024583583,-0.293565237488166
-4.93402993117711,-6.01112500885364
2.23619068558043,2.79474483712786
-1.25647561085736,-0.0594058532768758
-5.41418283530107,-8.52719848224017
0.476185081805884,-0.430213602123629
-5.1094034594001,-8.22521163334619
-0.610179831748603,1.94228098049148
4.235551873288,0.95725502837567
-2.60148285529815,-0.684770262664482
-6.24655730643295,-9.24157620823354
-2.71619965132712,1.35056813453081
-1.62920505753528,0.585554515993588
-4.56049977416362,-4.25937493599807
-2.31229135327572,2.00016778911041
-3.95520781860312,-5.35149297013214
1.39388789448037,-3.35747344500849
4.23949488076574,0.0944084841175827
-5.56975535810482,-0.0952370060660789
-1.63412996134514,0.567028859203245
-1.78044172419795,0.290558461896761
-4.39766440447666,0.507018460583452
-4.60664864344316,-3.01290731583561
-3.15331974556153,0.218281155722306
-2.19272543756802,-2.18949663660606
-6.5414998344482,0.743562905647031
-4.88354049812381,1.06996283045295
-2.94249029112909,3.09707071946207
-4.65791630878621,2.05854480871961
-2.91747739663777,-4.53410410141246
-3.81300073030658,1.3177885294466
0.957445757400537,-4.93989019070326
-0.983833164634673,2.50863263706142
-3.16568733270025,-0.226391265188155
-5.76738979796733,0.570818486559117
2.55022776310163,1.84372159646451
-1.85847730450402,1.11458834363326
-1.37862006014668,-1.50668536940915
-4.54921300957186,-7.48665476065332
-3.28954780553471,0.955402462009947
-3.93879643656793,0.605094586719289
-2.0017196706238,0.435154998312066
-5.40549838189876,-3.83447701056587
-6.84855600271561,0.584155557389562
-5.85999233700969,0.844115484523007
-2.58952505366314,1.84870540767152
-6.37975371202705,-3.20480514717487
3.26321114352211,1.19991762950052
-2.53341373343476,0.0442689769049079
7.07504035761228,1.35083755226797
-3.37746810109444,-4.10502917201727
-4.40902470324264,0.0761875120975928
0.88247851504975,0.079952138467268
-0.0237957306120442,3.10937980382696
-1.14655275665978,-0.321629492955973
-1.94787879453281,-0.623513351392441
-5.97821905898081,0.560096255886801
-1.05133663483279,-6.7613393147349
-2.39644144405005,0.314490562111791
-3.70042859602234,-0.61400804001364
-2.08548561963585,-8.30987685687885
-2.90649599928663,0.693628031341338
1.27691862389759,3.63670790505672
7.22406591406573,1.39454927282481
-6.78476753326433,1.19301124602273
-3.48832274314966,-2.33278652142137
-1.52277254260991,-0.0382500872423346
-4.96505386229843,-4.89758113242014
-5.77515948500193,-5.94714638251418
-1.12915437424515,-1.15822371372989
-5.28066001170227,1.90563230565352
-5.1648408853721,-5.00639089297636
-1.54639608588083,1.64330378768627
-4.69745882904104,0.909213166975995
-1.84095000019884,0.168423261482024
-1.5794651201296,2.62510375054271
-3.09430560848409,-0.0967771585357076
-1.02282902106332,-1.63282124213302
1.12010445950584,-0.816913166726884
-6.105886252329,-3.92121061346658
-5.39993431133925,0.335750607500858
-1.62192872899455,-0.468704159087947
-2.00286159732515,-1.18321791995433
-4.35824941080149,4.14052635244509
-5.05372083064187,-4.09016144491748
-2.99196673486524,-7.44212665737214
-3.78677825363142,-2.19231425079748
6.9819070554395,1.90053010994174
3.79584171372475,1.21936878334564
-3.44298319375562,0.680280168712375
-5.1102104734074,-8.3008409507776
-2.99237245233834,-2.66374915236215
-3.22777993928789,1.07988017289057
-2.54569532923072,-6.88030695190973
-5.36720138310871,-4.85621522984362
2.43739091913922,1.51025690392301
-0.671811920948904,0.318826484668271
-4.23592353482504,1.8886528249939
6.46425788927429,-0.210929438287969
3.76442308744262,1.74439709709218
-2.44767649048065,3.13634296773029
-2.00820703395451,1.64024185204443
-2.43070781776095,1.37743188501641
-2.29041910273237,0.555283654584364
3.97523168981138,-2.21369601647407
-5.72211872248301,1.78951370891668
-0.494167180968697,0.502793871212511
-1.3976400730591,-1.15231053078503
-1.81898108748399,-0.0570767746195752
-2.489504483285,0.0577758931053458
-3.1828901295031,-0.300660249854269
-3.08593910848029,1.29133276141989
-0.379837200465084,0.224455975721554
-1.70923230371096,0.148869686858253
3.19612264416968,1.35820416790954
-1.94593269598484,-2.81943803497461
-0.554365906850436,-0.549316243280567
-0.490082435699951,-0.00617842917406453
2.90538927882434,2.47536858539341
2.2046323360752,7.70176943743641
-0.00855499567319773,0.663918993164379
-2.92041024703493,-2.16183421193446
4.62904469442951,-1.66030321088977
-2.29919514372066,-7.79536956519938
-3.09285322003381,-7.5218924281166
-5.43055751217274,1.02543416342959
-4.03701984274937,-5.85732896106211
-3.3699797011661,0.747653356401987
-2.61894517838746,-6.53410692856122
-1.33112897101984,-7.12591633022151
-3.24869991164097,-0.0193481859574139
6.51988989907019,-1.59863074440096
-3.11689826083164,3.12170067441766
1.61369817723247,1.09695875356664
-1.82220334301494,-6.58930182040569
-4.46251046771753,-0.205267896604495
-4.41297145011349,-4.25534634471206
-0.915879383729161,1.82489608096323
-3.03741119028217,-6.35777712951861
-3.64534915749911,-8.16266306699511
-6.71647901025019,1.41636446191732
2.18919211343032,-0.051217746284823
-1.09886719637119,-6.19386094891269
0.889168983475356,-0.7117684977795
-2.43019693103821,0.655213003588748
-7.23057181144388,3.10581595804896
4.50204709094113,0.923562012035213
-4.62545667581225,1.86984923370316
1.05453300097569,-1.90607038733
-2.33100173731159,-1.27257454186974
-2.27168093147479,1.39281968048594
-2.47970932444012,-8.00536284448349
-2.27782538528953,2.27663585982523
-2.88948528597454,0.397284330843055
-0.954355726504802,-0.796847845424866
-1.78644902562806,-7.70196613555132
-1.03020557469134,2.18751186228266
-1.73788623582294,2.55334499088967
-3.57746270043837,-7.2176667533919
-2.10653448354734,0.435686373404706
-2.85632827773787,1.83827148273663
-0.271487677793438,1.0707321547481
-1.42057150147653,1.23123444687228
-4.90135943127573,-5.10261203566604
-3.76087030666511,-8.33875091008366
-2.82901561245296,3.01537800386596
-1.47139009879786,2.7346854566505
0.601279758774555,1.09295626036176
-3.63203253899637,-8.76877150964185
-2.21930071563715,-0.140298897524587
-4.17419655356003,0.715557683431457
-1.86120034348205,3.12482539197807
1.27480938907769,0.812049987203995
0.0758447437672748,1.43547231774216
0.0547346783328012,1.22563201398983
-2.77490055393484,-0.92821837145544
-2.2490885374624,0.37360443909497
-0.890740193908888,2.12253495088029
-0.796047277624236,-0.444835199964397
-3.34195226770318,-7.57080961332199
-1.8419894393417,1.62324310836623
-2.76041937904022,-3.406925460174
0.300462231118085,-2.46232004591297
-3.23618994376042,-6.52779748739407
-1.65544815430959,-0.420250275936316
-0.305797545921953,-6.5091971873167
-3.75567667396792,0.930169943296868
-3.06348994663463,-0.353729218228902
-1.77573184583898,0.113602689056102
-5.87821779539828,-4.64516352480869
-2.71790279724718,-2.87018759278828
-3.35009636491659,-7.98586279656277
-0.506195550763685,1.22919891905084
-0.462433329148354,0.995383064729305
-1.26374333491604,-0.625171545273187
-3.24793207137179,-6.80207433203834
0.380219965178637,1.00164126329574
-2.07514102445005,0.126497166829344
-4.35099941915329,-2.57313455858783
2.53042979528486,2.63081031248457
-4.31601561742199,-0.134659899194029
0.109758815337159,1.86628541535472
-4.57805373848646,-7.9140770751221
-2.28812523698969,0.913259659644036
-2.46769027064393,2.56404863533564
-2.83795358547081,1.29969807405275
-4.30888797520127,-6.56028403821258
-6.20476697928351,2.6771688989016
-2.55957780061277,-1.7973191093519
-1.15242439981421,1.03292339334279
-2.10738163519831,1.63848015726983
-1.05764940214826,1.7879009302472
-4.16782175642108,1.1333478238334
-4.38088122055139,4.43620999476818
-3.17205819343345,2.27820004845453
0.693483690625772,-0.803498387309126
-1.41877673570678,1.42832601686544
3.51216847883581,0.278787431441605
-2.23031525802177,-5.56134763951498
-4.28598597020626,0.848609573199658
-5.91832578070339,-4.40949737904023
-0.724529830859133,1.60774384642042
0.894938349130307,-4.03565713317576
3.51592327232868,0.273603186958939
-2.99681458465352,-7.24998928112467
-3.86667133659681,1.38632647246676
0.137931077236306,1.06557619013375
1.26754382838325,0.810639607235474
-2.55603336837536,1.18179948032681
-3.28810389134317,-0.172885690690263
-3.86568905676962,-0.671658399901253
-2.7719125962069,0.117169505654335
-3.03312558255537,-5.6766570302114
2.15960190759903,2.10174089186523
3.28358088634838,0.383741456393069
-5.80116588335325,0.821091683250284
-2.13654994709096,0.467721690544509
-1.29646116541333,-0.404736013552977
-0.480859659200675,1.61188043566007
-1.32509625210735,2.22267950774329
-1.8664739541447,0.895981271319504
-2.7737749071816,-7.04615546753157
-0.93976831345057,2.02133956566661
-2.01381517652877,2.05334366614528
-4.1261748670445,0.520851272067463
-3.90147183607175,1.23646466666983
-3.65271052132308,0.303796087406339
-2.47434395332051,0.703695567783797
-2.58762280476577,0.727492222528989
0.68847398800522,-4.78883469808035
-0.673483390802263,2.22760097667477
-4.70935228876454,0.0770622951658565
-5.33056296202523,-4.20872662790788
4.62221860508383,-1.57750524954733
-3.80236391468528,3.65079437421814
2.41933748156217,0.170655002037163
-2.77898837936972,-0.557439327020535
4.51494884092865,0.439013632416871
-3.00307617304376,-8.19523649255231
-0.724885007299869,0.524474981132728
-4.93918122634929,0.353469489246752
-3.6961517091601,0.431825091297192
-1.08227127734234,-1.17087352729467
-6.70853546522202,1.6047385521841
-2.21364562209432,0.569636402047218
-5.13950661104746,-6.68206923731717
-1.3695828362732,2.53729616449243
-5.8515297780079,1.38269080081246
-3.32830709534782,-5.93469587947691
-2.58715300881132,0.806886362705522
-6.18436372772276,-1.96686674168527
-4.82574461052748,-10.5436266589235
-1.35091018480566,2.44399111209188
-2.32352604960539,0.743733145376986
3.49481886574181,6.51439657930112
-0.379868713296277,-0.680837669926428
5.07590735360571,-0.346637253850498
-3.16712978622171,-0.408416963709513
1.76582776694562,3.15913753261771
-2.65265109845388,-1.66049618267181
-1.60113606043716,2.56042070227606
-0.105231697886822,1.24230070382421
-4.85323368025609,-8.6553968258446
4.46679094509605,0.963323186578006
-0.967794050775271,-0.585286506096342
3.90844162007835,0.67095642525657
-6.44533869898492,-4.40533882942509
-1.97881696087342,-0.722231447923884
-2.98091419146691,-0.806548799855814
-6.14786147201037,-2.7378048348483
-1.68497404454881,0.557144214575937
5.90612536102695,1.35584891662751
-0.192859639036034,-0.679985417085914
-1.53779967439769,0.213108825020649
1.52051135829802,-1.97192690165553
-7.4121675456605,1.95347633652192
5.92199330481544,-0.161840258128944
-2.81264702958378,-3.64418588659142
-1.70576470757745,2.09101836190928
-5.6107970094498,-2.86802059590865
-4.21912670886622,0.592861678093503
-2.66983846592922,0.120317005303638
-1.71998132457651,-0.186754546121513
-5.65596104047934,-1.86740291805302
-2.88553104264203,3.52232639142404
2.14934728208262,-2.7394047906039
6.56415028687845,1.22796655525689
-2.80974850461852,-6.96462881866001
-2.60403477476681,-0.0700273443838764
-2.4168325356764,-0.035624405151499
-0.329254695690606,2.13212606480052
-5.15562496474935,-5.76763774261992
-3.10181079311094,5.26861547086286
-3.25902740562994,-7.75248110332808
-0.142803416355102,0.365615309160087
2.94489764230742,0.713209238362017
-3.54526746838486,-8.25711174863913
-5.24145363623364,0.951396568084029
5.59371002261609,-1.24440662526873
-1.476122139686,-0.369283193445896
-1.82131990826296,3.15271359432031
-2.04601704065878,1.45573400104577
-3.79720120032192,-1.63160782994323
-4.37478874027086,1.78886656145291
-3.41637454281915,-7.80438303575062
-0.838116794141247,1.46843688516609
-0.858213170032204,1.26178617448691
-3.85873467005484,-7.37275573623908
-0.670303440188545,1.35575206074792
-6.19794341682746,1.40455981959793
-6.77911655221223,0.655948068276707
-3.23696524046183,-0.184053457025924
-0.956793951334964,0.994906968750438
-0.96366298040472,2.58331802782113
-3.32386726746932,1.07015508195006
-2.12255926524967,0.610863369098592
-2.36619156798043,-7.69805905043468
-2.61411765469294,-2.51474062140227
-1.58093197009969,-0.483048098236033
-4.4500336465328,0.233827115031127
3.91978540943333,1.09189537278078
-2.71666998446989,-0.990471454523563
-2.93713675912503,-2.4104997738316
6.6106933640393,1.38188154183786
-4.55312178265139,-8.9343141100176
5.63198669548837,-0.993671497893262
2.3419123375417,2.76571440863493
-2.98295160543371,-4.8753980691816
-0.605577933821021,0.721598874534822
-1.20546460418436,1.8954743845596
1.18006099556896,-4.19636092585793
-2.01113488800231,0.651278938567888
-2.38822301650484,1.11983341917105
2.49867691300252,0.915463854095579
1.00520064502951,-0.752668590861391
3.95172500092698,0.71391884467028
2.81322408338269,1.91482610012908
5.17549433905399,-0.332716252532301
-4.16934458670646,0.498333436935451
-1.24518673194246,1.85555345818381
2.19213026253212,-1.94642011228443
-4.50995227096928,-5.15034966180671
-4.81938085535321,-6.0859782332219
-4.60514869136931,0.353944799209022
3.12162756342119,1.93506636913246
-1.27865465688224,2.21076945106551
-3.73806934425276,2.91579102861532
-2.61741618867788,-8.30003023742674
-1.776687373496,-6.72633272110237
-4.73205518113675,0.934386677525416
-2.10817764332034,1.67046480169055
-3.76562666433968,0.340954744792163
-2.68022620554082,1.7595025834128
-3.25054467766511,0.833412416127663
2.5797761773571,-1.22596578050062
0.589709314434235,-5.14411219978181
-5.88491016532736,-6.07532503816502
1.81661106498526,-1.85028389691147
-5.69104605989904,-4.24177291172423
-1.92640739619042,-0.967371927049426
1.93548462664247,0.512767324992917
-6.49935190623243,-3.24980971018432
-3.70629209851201,-2.29973292080519
6.54269686870706,0.0270572886894398
-3.23737580047596,-0.0797242713588222
-0.345129673925131,1.55825182295915
-2.64600427473114,-2.38097557483483
2.94413844496292,1.94466462008948
-2.39926562260992,0.556747290064627
-4.13975817590978,0.233513908368178
6.11816819287856,-0.400193192958723
-1.08459894094951,0.372303938727677
-3.17557747860877,-1.98966381467328
-5.3507297042866,-5.52715410589847
-5.00288499227419,1.16927737725078
-2.91489854994941,-4.31825719620424
-1.43577959546327,0.840523723027199
2.26171682111677,2.74550790289781
-2.88264371144537,2.23090476259942
0.293176726768437,1.3421494283982
-3.18189128980801,-2.11143809099633
-3.49810743664842,0.446517212005021
7.88060598380036,2.0208370837944
6.12839455567187,0.855338682930483
-1.48253472039121,3.41496876285924
2.42650233881705,-1.31779641317581
-4.85149234286144,1.55542555926055
-1.46195848947796,1.62609401075141
-5.57824156585813,0.684823723847578
-5.78309859329362,1.60806307584851
0.726701735426156,-0.578682751927463
-2.83901581034505,-7.19368606353704
-3.62565060379724,-7.46921255963145
-2.16031688406803,0.213960563867806
2.43763532559767,2.57565638732645
-2.17943318471464,1.58329082138876
-3.34761596397405,-7.40377658369179
2.00260296878863,1.36176000200349
-4.30125294128171,-9.66006312901833
-4.63543788985252,0.690154479365781
1.91431012004044,1.88797256673768
6.53445168416648,-1.51395546934604
-1.92616021821936,2.31264875199705
4.46440229459179,0.573606158563528
-2.89828137780288,-7.54101461066489
-4.98753991026991,1.57203175550277
-3.09290613236859,-4.83264969478017
-4.31344204116378,-8.06626999548601
6.23154237681491,0.990268009079186
-0.200537072459964,0.848615045163185
-2.30442932142623,-7.61115998335454
-4.25863109656935,1.10253930040542
-4.84546415971876,0.647849627269514
-3.1628049793645,3.71679905233325
-2.72187754607066,-2.99778549401159
-3.44883756174212,-8.69341066727118
-1.27146507301726,1.9770745654376
5.69056289405469,0.0119208645598942
-1.65538868821575,2.19153675209051
-3.83459538484987,-5.73266842350973
-1.4873151780909,1.58118919732841
4.9095654116319,-0.792555682111518
-1.0854407883956,1.92220681932085
-2.714111632378,-2.99399996531607
-1.22757034165848,-0.529387658822569
-7.07802491032027,-3.93366651546847
3.18847260615022,-0.215569364432987
-2.84032023879132,-3.80348609195453
0.404435285683634,2.5555717666764
-4.24983198783415,4.2405775409834
-5.37842575258523,2.21897822322386
-2.86251681123592,2.4982801173788
7.79990921233687,1.31803325014521
-3.72083303260552,0.333993342864734
2.0833871259677,0.44493071744493
-3.76448410864547,2.51366589247991
-2.2151082467707,2.41249388445722
-1.77664920711223,3.01099767526627
-2.85141339921348,-7.60746022867818
-7.35496051267087,-4.39016224776293
-5.1062448418025,-2.47752274401746
-1.59674686370424,-1.20099349889535
1.99246248127906,0.105766671248333
-1.63931931204202,1.32163267580273
-5.01498304997295,0.290121745076261
-2.03309972312803,-0.322205078897393
-1.02235202404016,1.92727834447281
-2.71107926858894,-1.58976837686546
0.477557750587232,2.95948274321569
-1.51972159224621,3.22925540485564
-2.72168032742203,0.711306865703463
0.71320377613038,-5.13406704870389
6.65774190490989,0.328340928514118
0.0790404971452561,0.552879377533307
-1.76300458155783,0.279480068384888
-4.35078872171088,-5.96881241505305
-0.0954238226950141,-0.321572134295434
-1.70877819584085,-6.1614271869666
-1.55915422133975,2.21643485374546
-3.37515853686694,0.34938030618761
-3.46874879462293,0.116677581450225
-2.29085627893434,2.34881650255751
-0.049977746271218,0.990478299527034
-0.705138352845043,1.64188401058809
-3.92284235852985,-8.24816339992739
-3.25649418165267,0.650293548257082
-1.24738941955336,-0.901431158164341
0.717915102201488,0.900393088064248
-2.02835438546536,0.476893193557199
-2.75632639069323,-3.33895722191696
-2.43396110117397,3.18421910641093
-0.750129308615583,1.88274913523129
-2.77050102696702,-3.42830767476313
-2.61214869895789,-2.29369133302353
6.83540164894132,0.627410850630925
-1.05190227764835,2.32056694785737
5.95015397292926,-0.262847172496855
0.0427897607772555,-5.15115229627378
3.05479231130947,5.32148620075499
-0.492857674529213,-1.20146730183095
2.75186376586774,1.00298179537629
-3.87001338001921,4.85200120708993
-6.71993675716599,0.852047478743276
2.31996733806889,-0.957815274466902
-3.89664926215435,-5.11628055375274
-4.64209650403465,-3.23525567897963
1.65853319953811,4.49939000221423
-2.98262611162182,0.0926853931973563
4.78517466735823,1.05907385769731
-1.56620151429017,0.234146391512634
-2.69225830872236,-7.49064308684582
-5.34467322479216,-7.30111833780212
-3.77803478887068,2.51328881894884
-0.710443588689775,2.26279494240053
0.682661880670021,0.106245061979115
-2.44587898128554,-2.81417360199097
-2.651569804,-0.764626089588945
-2.66229489265231,-0.71378825096027
-5.10413446437469,-2.89408472561057
-1.32910114293737,0.520469496117968
-2.03983456181852,-0.922067584967588
1.97065710150477,3.09027383391081
2.04167529861206,1.05718357905847
-0.531613918806538,-7.06681906795311
-3.56613916617355,-0.0782561027881337
-5.32260139920297,-3.48735639837387
-6.64978676187716,1.15156024215301
-2.85869097890484,0.442391800072748
-3.62400761329082,-7.92865466878254
-6.51771437304359,-4.98073399732711
3.80398922021093,1.34086864026064
1.1914680626332,-2.18063736519094
-0.273477851477253,-0.411590758377355
-2.35385140922308,-0.140759864194963
-1.69424671615348,0.159005431207726
-2.99764941687451,-0.153986425047622
-4.91680675898753,-8.78181433165631
-2.80163545713062,-0.148423228897384
-3.0932889892777,-6.84118632596754
-2.97014367385972,-7.68718996807167
-1.5414255260515,0.459623450360126
-3.15980752382376,0.0505906467127767
-0.98577535605546,-1.26621512128906
-1.37433728902409,-0.187127843382647
-2.17133518851569,0.675535605799072
4.18454066582178,-0.571875336777898
-1.21302238384116,-1.49355985862316
-2.83427870760999,-3.88506736586248
-5.21255783629504,-0.581601979022833
-0.253401395479864,-0.0778482208546046
-0.289267839506238,1.13387390008554
4.07066841932808,1.78836179421729
-0.397597454179087,-1.12547123731776
-3.54860441980812,-8.13549637110878
-4.86638745559661,0.0118282601169324
0.950737852498482,-4.4449858635744
-4.4661753420774,-6.99142872205947
4.33516738260207,0.170312688437276
0.31518822402459,0.631263512602389
6.7002323069807,1.25521353612064
2.73898768805333,1.90688223218036
-1.13944914883772,1.66399580653245
-2.76493826849437,0.70073485128335
-5.91737086421158,0.827504539503694
-2.32460015239518,0.22789474583755
-3.78533790668641,-8.67659363095186
4.26021794586298,2.52405192254404
-4.64217410393685,0.749753318761222
-0.929756301078641,0.781578132757456
-4.60330972803737,-1.48994775986329
-2.19215074851496,-7.63852659455898
1.61674892635749,-3.57950258206439
-0.434780025176244,1.51591693233268
-2.43875742279039,1.51513284107863
-1.91023220674179,-7.65443021094786
-2.88009772205457,-4.20911995507844
-3.33205667222768,0.478591718911691
-2.8005798792013,0.978713259889237
-1.17076440132092,2.45346505353759
2.19322744138198,2.99936922388771
-2.05563768672246,-1.71789612544099
-6.43185527286052,-3.04099218607953
-0.489889804459966,1.91524395796252
-3.38732365237792,-7.06207041265494
-3.15168581592046,-0.340604108847355
-1.21013042342916,1.24490458456111
-1.92352281691337,-1.11168416289721
2.67994214016041,1.0128666033661
3.71481332938485,1.74530436602836
-0.986163166027341,0.664407999846204
-3.72214539732384,-6.89584628876307
-0.682606046834558,1.91203466683334
2.24138579250639,1.60433839399769
-2.59317453954875,-2.11936856453936
-6.58187797002307,-3.88169571662725
-3.561255141258,0.00838797400958891
-3.80723087598999,1.45983873200948
-4.27209791522126,0.0374096978398584
-2.74200057817227,1.29779296366678
-5.03196540909749,-6.33728890582222
-5.82182100552608,0.604204811578077
-3.87677946879309,-6.18931891306145
-5.615376415311,-9.46264272950012
3.18867957144815,1.73781863192325
3.55273669827537,0.160070565761059
-3.09124085108077,2.06351819533579
-5.09253917110514,-4.30979686818021
-0.618107700582117,1.57302297178559
-2.84694100008733,-2.20208341274087
-2.88135589031726,0.0286351902537099
0.56250594901291,0.908106245921412
-0.597944340300299,1.61369980427986
-1.28996218940795,-0.432092992558073
-5.18393990774898,-4.25207650617441
4.97960841159146,-0.00981665600054415
-5.74935390438776,0.557382326562888
0.892753571586682,2.083526930148
-2.91971026388709,0.144267981488382
-2.77123582303146,-0.072650493214103
-4.35843658937863,1.12263010147071
-2.89523760008295,0.608225440210958
-2.47885266058333,0.377448642440459
-1.72174024420637,-1.76055799523676
-4.20083118231624,-8.66471245257995
-1.46724001055769,0.657127371144035
-1.26618580996862,2.5215620432786
0.281237792534051,0.525345560502155
3.74529851975807,1.09434573615192
-3.60487726414598,0.29420233466421
1.07569775235791,-4.39929462687422
-5.20190796824756,0.0717091415019018
-3.83025442701381,-5.29646218453017
5.55408409792819,-0.225834071141487
3.49506408678536,-0.71944136374825
0.469557265246918,0.0181383640057009
3.89376004760181,-2.4567703501628
0.523926427310794,1.7148061141083
4.67826799153698,-1.17900300589548
-1.45744539331523,-0.610008591299245
-4.58013151717665,-2.51216275605055
-2.32144359190405,0.968536951228942
-2.19581555186747,3.75659839559863
-0.754693833940261,1.67051929235307
-3.21465185804024,0.552170612404903
-1.69216844319021,2.45025413943137
-1.99596601010311,0.26255785972594
-2.02863305321711,2.73236562009218
-4.06586949057811,-6.94242712985932
2.15573423280548,1.21000506194814
-2.5864126694171,-1.53055103676128
-2.38904793999745,-5.70545173319954
5.94458767407005,-0.0595878419803599
-1.54578007552544,1.30378350839496
-2.70155214587876,-2.70688124860265
-4.46773606828288,-2.86034575186517
-3.82563840950218,0.842007954390076
2.52641155048352,0.74708668801997
-4.23952679095735,1.56317175253195
4.02301570082661,-1.65875144908163
-3.64675891037989,1.11204482446689
-3.82027692596416,-6.93115332846933
-1.49913272907641,1.25635684202369
-6.17655384473407,-5.10530107822427
-2.53180169481744,-0.577589790660457
-6.89485276390802,0.0687545694192213
5.34330169171928,-0.301771836324314
-6.00032853944061,-1.92251573680444
-1.15503840488864,-7.4422173574375
-2.67272776937704,0.735789133449699
6.96997645840954,1.4041429120931
-2.84470484371014,-3.97448471545784
-1.51172432708502,2.46683654944134
2.12627687062207,-2.60482355224415
-3.17899123168316,1.26879398728488
-2.57759238771925,-0.313349108459502
-0.106918498893519,1.42871485942863
0.144177832103292,0.360728877377239
4.80455421508722,-1.86340145516099
-6.09547610016303,1.17950152977138
-1.5665352212454,1.10012717818138
-1.03165030874068,-1.30164886677852
-6.45460247571391,-3.46830312778959
-4.83581842136096,-0.0105910970127102
-3.24862003195238,-0.13361673935538
-4.96341623388178,0.915909667011603
-2.4512958787268,-1.58377018811493
-2.07358126859254,3.79405823443413
-5.96133015808712,-5.50198004936449
-2.72968415918721,3.17023960888825
-1.53364991350736,0.858740940990947
2.48041297852973,2.67996438356746
-2.52411003970433,-1.36233868539827
-2.44873238833022,-1.65942379915295
1.12931963678355,-3.67826327641908
-3.32452956234224,0.249169665110443
-3.44378074650641,-0.55822450091768
-4.62233852138325,2.45203345116017
-4.21684641322589,-4.1669450149689
-1.46884420012857,-0.841118268371833
5.03021237332056,1.72417927329182
4.18760582852646,-1.65158085279108
-1.57283583033848,2.03650456020017
-1.55533326842309,2.11470178384943
3.70969880115449,0.116269064201753
-2.27705349884521,-0.84109912672398
4.21015491427578,-0.317030244820714
-4.38506414387598,0.849470630327606
-2.41509940748568,0.170669289914705
-0.538299554191844,-0.787828405797151
-2.13342539121361,1.47030617548183
-3.90442885451222,0.264828782693317
-1.65912855297982,0.0333994775841442
-3.87166331187543,0.539474891776903
-5.89919005757844,1.08870992980114
2.61584793955614,1.37911835448512
-3.13656915623795,0.30794410123445
2.4943924634558,6.27149120373203
0.251895693530654,-6.10931455190419
1.76736029971857,0.74368843357655
6.92146032692709,0.0971258870245423
-2.09327459809288,0.830624959472178
-5.69527722715413,1.71108007084938
6.06010695933249,0.275825560412461
-4.5395741294855,0.0635034583556084
-4.14836639756942,-7.82627404018213
-3.21588333974481,2.44688424343613
0.684655172514118,1.97591906732153
3.96543397153908,-2.09322526394043
-6.00234204833194,-4.59361485581734
4.57415545231443,1.12247675040667
-2.75189273353712,-2.43879592646123
-2.12503361589028,0.436406818969465
2.62605400985164,-0.896704026885096
-2.1471548362335,1.13704942759493
-4.9518899223153,0.419909137192413
-3.508265880369,-0.0660201906452224
-1.06924719295104,0.559795116034032
0.545866294346751,0.330789738297096
3.67553693143066,1.5839359400977
-3.2851413971947,1.22008159075121
-2.84082229746692,0.774020553551297
0.53159405488802,-0.657810520591886
-6.17823942647268,0.630728498675381
-3.50297572886858,-5.46383671925196
-2.67795538223286,-0.940689688077167
-4.10393216815637,1.48623712640432
-2.71688897994319,-0.196554161255278
1.89894897332209,2.31745903480141
-4.75260441065959,-7.09077692492276
-1.65194861458614,1.30277972544185
-2.8807354636434,-6.46276335324716
-3.10257637576711,0.544889816831325
3.93910869595318,0.940007398785508
-2.61078933089788,-0.927019193237824
-5.30694873611853,-3.83983669660997
-4.91911365389066,1.86009987307047
-5.47416565404262,-6.62427266959536
-2.54606752535418,2.53878758141311
5.70383813557568,-0.692614014141956
-6.32534425513192,2.02143807590759
6.56605269128686,-0.613594823804915
-2.12895587345017,-0.159335651380059
0.0751229167560017,-1.14397871178735
2.37766744589571,2.71120034426392
-3.06321786481036,-2.35921755143377
8.86680699269185,3.15933630717212
-4.04863868541785,-3.64016240602233
6.31972246432927,1.1711145645454
-4.55489889482352,0.577767394707753
-2.85892084874274,-3.90068058732596
-5.50662079593297,-6.24049777027307
-3.41680876817551,-0.337246018666417
-1.77901295728461,-0.147999435650884
-2.72314593192732,-0.420887124032705
-1.9629113207471,-7.34787977892588
3.06500011841415,1.21352700374353
3.64172566371237,1.12913484907134
6.90281842817142,1.59977266718368
-5.36178845397877,-4.16475596045309
-7.17478628363542,-4.43943962248547
-1.96867923216192,2.48092368292923
-2.908384745789,-0.0485720405486285
-4.32441354883703,0.140175807517354
-3.62663068802655,-6.55713005275098
-1.0942003540109,0.950563062340476
7.59732213833485,1.91041221572835
-6.07710039669154,-1.20944854996902
2.00429719025194,5.60732592107197
0.850837493718619,-3.81267379696613
-3.17684355700835,-6.18439383415827
-4.14822821210105,-2.3477267851768
-3.11375944320786,-8.48898214271939
-2.66196348579744,-1.83341918939904
-3.5789347872322,-0.870117329213693
5.56341565714087,-0.488601844385553
-2.43158940705957,0.192755508369239
-3.25307808520087,0.53536870204694
-1.01739703250401,3.03400210499134
-3.79303215971089,0.98459341662476
-4.10975575813378,-2.38717046247061
-4.0282018359271,0.633188228096161
-1.80834874366503,3.43276136393261
-4.04487744645858,-0.088969398459825
-5.85668811245416,1.89501276085303
-2.18074133233631,0.29600716318437
-3.84737930112612,1.96332470672126
-3.81911178792079,-2.43002998653485
-2.680147466341,-0.453937000663973
-1.3445629387087,0.552816907444749
-5.65998918926583,-4.14286138568521
-0.0134539450234421,0.197381706386137
-2.28269083759573,-7.43827588498206
2.9935803204462,0.509805044897405
-0.0861132133128463,-5.10442858431435
3.10573558800911,1.98542199101442
5.86736564834931,0.835301408370017
-1.83445772672424,-0.536934355598133
1.87075695510445,2.80931176348726
-3.41511459073499,-7.8901949914935
-4.58312196530384,-4.56275568754689
-5.33711025690846,-2.78466417273813
-4.75909289536446,-3.75920033633122
-2.28500160204385,0.890914431167976
7.63944276420516,2.11560304686119
4.32772955607838,-0.861025300936372
-1.96959122576291,0.193775052448535
-1.29699007541812,-2.06074418725102
0.845991816323199,-0.838787036658625
2.76528878326714,0.901964791118839
-2.99370911309478,-4.75208244753605
-2.63569074222588,-1.74424530317478
-1.04680209056958,0.716901977928935
-2.09787521842935,-7.61096595038975
-3.50784602712393,0.619560999838465
2.00579790350095,3.89494274509824
-4.13280859584535,0.742286746405226
-2.03458026760252,2.30971800387426
-3.40968024389132,-0.107238415318121
-1.38142639724877,-6.2688628655914
-2.74773633441833,0.796130345665942
3.41636905700604,1.15349532758475
-1.4405087687657,1.51584674363019
-2.99761575579453,-1.38943131157638
0.568674721552122,0.779642017380813
-3.71945931905095,0.273365032172866
-2.12612588219841,2.93279290402618
-2.70522122594869,-6.97221291231575
-2.84431653400698,-0.28283281383476
5.92534893034987,-1.03972648555836
2.28520851770327,7.9283035080579
-2.10956778178723,0.208760819528235
-0.625255297968537,2.14872530734139
-2.47633596061626,0.339344214233637
-4.32057862734405,0.19999888682997
-5.4796570093383,1.84765277291704
1.57396455654728,-0.28949053111983
-2.28418533276465,-1.80660410052636
-3.44356332438966,-8.4171490114385
-3.73364215258685,2.20888528065964
-2.09176251799219,-1.67595476149645
-6.13247231900623,-0.494477797223865
-2.20152519720303,-0.822723456907443
-2.7382228614861,-3.24975445367767
1.67799373675778,2.59902937490243
-1.80268732105327,0.456171864521352
2.42619778765354,0.862351701958589
-1.29777212489391,1.06674449388287
2.51305333701316,7.92648671786519
-2.50742698149587,-1.52899162710554
-1.07983243073139,1.69269915504799
-4.52643304678943,-1.71346736669571
-3.15399009203217,-0.847942132932508
-2.67619006795412,-1.95643869298372
-1.44661679531464,0.0964611588001691
-2.40544182954594,1.04180209985078
-3.70016689686985,-7.5964881864909
-1.14688979638914,-6.12021263718013
-1.2651015544344,1.89901286736681
-1.59793069670566,0.438718667001045
-3.58284743109632,-2.10610001404767
-5.43115553531579,-4.75326305587408
-2.63188379501941,-0.916748807022176
6.73397611280739,0.789922602373154
0.0872447485759,2.86276128594225
-1.74302101894519,-0.746509600866139
-2.05312279432035,1.4005693447511
-2.25468904195373,1.38051454274853
-4.9306200293482,-0.118019419704751
-2.83915670792875,1.1253863329225
-2.65102249737608,0.556827146758016
6.78053602698393,0.692908904456294
-3.67651907679705,0.33080355388531
-1.90546702871893,1.41654594334839
-0.583884389121297,-0.513876403400197
-3.89912871285564,-6.95069768894922
-2.98547015424836,-4.75998847791148
5.92740683522799,-0.110767343846731
-6.32247586112368,-4.32711230104549
-5.88234855032389,-5.46314755490647
-0.965707239813724,1.8851339883762
-1.87903133152701,0.5291660504001
-0.938957064934478,-7.29116254821227
-4.35305597412024,-8.70335141058677
-0.728084959575595,-0.264837339395362
-1.99829492368516,1.28654607285538
-2.32013464679159,0.26296653287289
1.51883145999762,1.21526432301885
1.34554991643749,3.37427095138003
-2.81323223396179,2.62247687303787
-2.77948629095032,-3.42507328795093
-2.23077853126205,-7.62117911882767
-5.27615881154471,-3.75373225736359
-1.12420568508711,-1.35286850130066
-1.76365825438188,-0.043005050917674
-2.51809717767444,-7.79575754016862
2.41015759427768,-0.120919531549173
4.68547802006856,0.452958092861862
-3.03850918066015,-0.511226148929961
-3.50642602936647,-7.59829852829266
-0.799168752743634,0.0405126481731627
1.69663637683369,3.10974462511598
-3.72007774230462,1.39540977990665
-2.67337074290964,-6.88834094675795
-4.8764640623574,-0.0467526769505276
-2.54584319706085,1.11606320388774
-2.21225045863558,-6.91391997595803
-4.33947066173624,-7.43099414275022
-4.37681430843858,-7.55700601799579
-3.20666108674925,-7.47974302362281
-2.52712037995437,-7.1566423945937
-3.3337114423074,-1.34772005392925
-0.775121510216956,0.926333532169167
1.59366877999845,-2.17880965303798
-1.17185262656699,-0.117421441953361
-1.71841662080446,3.2957558871903
-0.787855975219178,-1.10801478418401
-4.28271729676981,-4.6025548538348
-0.347997825208352,1.64152390324713
1.23457373321308,6.7598740454145
-2.33690510109188,-6.94541434305009
3.33266330176827,-1.30032337959312
-6.77152877788652,1.35245882509201
-1.64915416836046,1.30978917633113
-4.50032918228308,-7.99797014588574
-3.12815901291481,-7.95664747665605
-0.799745552962234,1.4421448558963
2.25965146888235,-0.0211240591515459
-1.75778436120476,0.271004535938225
-3.23984042522878,-2.14638041129094
-1.63249312252918,0.201298322682941
-7.46855091130692,-4.60088673347602
-1.41903308779422,0.623788937953529
0.797608296477139,-3.16548400562435
-5.13181842077537,-8.83550365352254
-1.14936579573578,-1.14786617705974
-3.06301029320003,-5.35989785693251
-1.95892036389302,0.409475563561341
3.76955008999849,1.79265030814685
-2.82052478893083,0.0574461598737389
-2.93550538940836,0.00141760709778055
-3.93404112261217,-7.50076003011737
-4.65044340844458,0.124171278111634
4.34808161622357,0.410867143242948
3.3426770904555,1.6234306945492
0.564405682937016,-3.84577032811776
-4.75466734207597,-6.94195759438753
-0.851615773592847,1.88633837198956
-1.12443915566045,2.07599083284673
-2.52357820390445,0.162010703211588
-5.36212059247202,0.650636816148104
-4.49395744657784,0.303870808275663
0.846018375328479,-0.450057800868244
-1.75078798047531,0.278804861755714
0.854690582067622,-0.0438638366834596
-3.73374737169365,-6.12145184255586
-3.77685291817156,3.72348609264518
-1.09295917828396,0.754045835260234
-2.63078665294207,0.376666281499051
-3.59635946138306,-6.10381656885004
3.23618168697873,1.07809720050069
-0.31796127470338,1.41876777859998
-4.36393143808507,0.80496480603968
-4.21852090433767,1.07276859661024
4.3551272791916,-1.40109477934826
-4.58817423336103,1.20054562993926
-3.96104881681363,-7.02008218601223
-3.46962036512262,-2.51050842130563
2.34932668040849,0.224421426618136
-6.67940479476742,-4.28217662804345
-3.80439539292423,-7.54148747244387
-4.34774106935822,0.669939160819513
-2.33273452212957,0.936288694732195
-2.60026605894607,-2.30145226711712
-7.35429610390511,0.346956650805045
-3.75084652101201,-0.2091411983795
-2.4527589897278,-0.416274126273795
4.02236961542002,0.89952009791194
-0.437706486052521,-0.0189258730392442
-2.19146666310984,-7.4687469810713
-0.98681736124709,4.41057030498411
-0.577562094032122,-0.335648075468952
-7.34608188410635,-2.177077614753
0.61965556672945,-1.01967565079044
-1.57433366113504,-1.57242199983317
0.372917260062324,1.16167119676003
-4.41252067843296,-0.638894677088647
-2.06656792404884,-7.37197699804899
2.03527528208769,-0.197665639469604
-0.643941441198393,1.27328675167381
-5.4302497727559,-4.90837615386524
6.10139019108819,-1.08855325612819
-4.66512188063398,-8.36703748393314
-3.03193794082899,0.164585789032021
-3.14970331487471,0.294108232093671
-5.24599377802371,1.70509140296595
-2.08718077312104,0.101769803105607
-4.03820294320583,-8.62850082188036
-3.99641205834264,0.954100658501597
-4.05941143092383,-8.22170608272406
-0.853582609829531,-0.876144816458265
-4.73182195379299,0.135252736230466
-3.25215927622728,-0.863994121935084
-3.8199281325168,-0.133865463868862
3.15394140823439,2.01327234271221
-4.23375096539953,-9.45029962443601
-0.206756506342636,1.08538478322533
-3.73409198556155,-5.44423981591005
3.18921396993523,0.751828781219915
5.878516529324,0.121450453653083
-2.46024494880252,0.479826635370427
-3.00747373780285,-1.202465279534
-5.40617216021534,1.60498166450889
-1.33394429892291,-1.1273020438899
-2.03710618892839,1.03287334660696
5.89926983855306,0.451070239121815
-5.99905855059278,0.231293836917844
6.39670778390869,0.404194684542068
-0.72948946835011,1.93607917665937
-1.64373046156201,1.53736806895547
2.95027380804401,1.23801633340746
-6.31138978876661,0.628061015956042
3.09051781897748,0.52176876966921
-3.37295102903849,-6.65090879722871
-4.78098173711076,0.844898754940494
-2.04561011284863,-0.303880132550393
1.96450867520135,1.54949740160383
-2.83910044585529,-6.23717218021331
-2.40721128643685,-1.31088628932853
-8.05801827942918,1.87103095466359
1.77632290836049,4.53265402770157
-2.79491925416621,0.0800807485543907
-1.72431258344605,-0.980970330808283
5.49159944427985,-1.31505387514792
-1.4136747299432,-1.48405267576366
-4.52014373843003,-9.1279073191295
-2.17837490495207,0.967370533348044
3.90376732313706,-2.35887786085933
-4.3119275433576,0.309878301463561
-2.88709192765769,-1.91673761217043
-3.42328033516764,0.0454925984385993
-4.31830169361696,-4.66141503295785
-0.421606606266752,-1.79652058244422
-4.14467181584787,-8.26287412757548
-2.17009258876968,-1.36775027519074
-4.88066488923647,-2.64883804462205
-4.99136892094144,0.689710347862694
2.58379130998227,-2.16842288793158
-2.37614239757874,-6.50431418742157
-1.39297886678781,0.186439552102916
-3.57254550760581,0.976223886467948
3.74853566018584,1.17136448211428
-2.0267279059826,-0.328896763270159
-5.83384626675018,-4.67891467749538
-4.07236245786831,1.14358756146153
2.51610457348836,3.50991268545183
-3.1156336468664,-7.37267887152764
5.38556108553648,2.10585289483823
-4.92956307113168,-0.00668099601145111
-4.84577318864782,-7.60075520749416
-2.13601440340098,-1.76502786313091
-3.24216260127311,-0.613115798417072
-0.982740419520893,-1.25107196092806
-4.45180970070307,0.586687314562008
6.65582009166342,0.473910487986771
-1.81033340494431,2.85544885531399
-2.87682371954548,0.0516650673624092
1.86728119492033,2.17965222575985
-5.02619509466511,0.841135778677231
1.3952324963541,-0.890253921230426
8.56387212033105,0.946179606273435
-4.42280389469324,1.96773356490468
-4.13497663413129,-4.97651704473189
-3.10667710736302,1.42767325316085
2.70082348178312,-0.173117280013234
4.36830939480047,0.995746259392978
-1.51096506527629,2.36840754808299
-4.40641931774847,-9.13699556349293
4.61948564371036,-0.907623723650688
-3.63189551072896,1.34380117544476
0.288571096977892,0.607614042952278
4.70175611848088,1.12573675152621
6.01270731235929,0.944369519484117
-2.28593946753895,-1.59087869666933
-1.54016655059896,-1.55668382146781
-3.26643642074929,0.593342785777976
-3.35335610982457,0.0893218998571753
-0.256099579961381,-0.38442775543557
3.10660333253501,0.479437536751292
-1.83670059036088,1.51303312947798
3.82336337098678,-2.20244060863457
-0.0218257307885241,-1.17543394314656
4.56668705798268,0.0311902745493412
-2.20308989444046,-2.86857710438638
3.09090811600997,7.52327535247437
0.984411371242586,1.08005229547264
4.54951145350434,0.298713031085238
-0.21045951865513,1.63933949480283
-1.31782793381952,2.27609868373599
-3.59793223809137,0.483518335844689
-1.81370439626294,-3.92117167974609
4.5318526209369,-1.42400887563257
3.93717237240292,2.05809879898153
-4.28972816050394,-4.08640187207801
-4.29449364181519,0.664985092047782
-1.90377183987701,-1.64364602896798
-4.39953393737699,-8.6620449040563
-0.590808616971731,2.12727976820602
6.43654833572344,0.446504118479502
-5.12745885231053,0.0616080032716463
4.27333166929084,1.67691757657202
-1.11087944969733,-0.374734341354327
-2.81153371806304,-2.04840459511365
-1.67013691162535,1.77355325462414
-3.02467590338143,-8.64986695906103
1.32647524862192,-0.491172436183328
-2.75227192922799,0.805393405826683
-3.74795917700604,0.0444066703316542
-1.60767928437813,3.56973895319415
0.146806835254522,0.844635303247023
-0.459893192489474,-0.571542477557589
-1.55622050788576,3.03670479488597
-3.78868295201169,-0.038006986853241
-0.361896108776139,-0.176847916598972
5.27325551739625,1.02808348916735
-1.94346419890499,2.4975114479332
2.30866100543769,1.0939589314234
2.96167863930577,-0.517520207469852
-2.62222052302756,-1.84949807710578
-4.50737730342169,0.41909731374921
0.719456391760308,-3.79762109646364
-5.08904411809061,-5.88107512231652
0.834754219966936,-0.329540537119992
-2.02899904610722,-6.66129456855365
-4.99183123911648,2.61180726856364
-2.39712812786542,0.942164277318111
-2.56421655677497,-0.446584161090938
-2.59719489982379,-1.4331575948465
-0.0423101613834544,-0.0493916384583963
-1.20144681472565,1.84593503912434
-4.78547050021209,1.5780719921381
-1.61435273460625,1.24253812663077
0.947171757115188,-4.73433398212302
-2.3777108271578,-0.608539514365525
1.14365832694151,-3.78883426014178
2.65933767174573,2.62254239457012
-3.72349444272503,0.665012977386168
-5.30446097139502,-4.45497896257821
-4.59883558546739,0.53432643014215
-5.80744639845587,-0.626981492959718
-4.68520164426268,0.662877371857581
-6.27104128841203,1.04713771241158
-1.87791623907782,-0.190282999680552
2.33192247335576,-0.221749626266487
-5.31927204745986,1.09296220007201
-3.92177001640363,-2.36841013636573
-0.0677638635362403,3.7348400717532
-2.81575046173131,-0.802993414934955
1.5064461205325,-0.960297846327587
-0.720131828234756,0.00800829448495644
-0.236733088074589,1.8317582856944
-3.13892295220344,3.51459944510912
-3.99525102630423,-2.22665193439093
-1.47816145422897,2.04500624703012
-1.1952992623313,1.35906468469995
-5.18701944959583,1.53349250866224
2.46532395095142,1.9207237559308
0.231487426861135,-5.80907878083205
-3.51473738287345,0.162718504755716
-2.66999348480091,-2.6398358835005
-2.67455481793211,-6.6167165719329
-1.47121923335431,2.60173354483363
-0.505672487854819,-1.28644180472024
-5.51952600290057,-8.61840591151345
-3.93175307850876,-0.490849356651207
-1.95303508932948,1.02734860727215
-6.27695966377248,1.00724122552337
-3.36555222338755,-2.31922173242633
-0.0629791220294709,1.43488916588335
-2.94177588856239,-0.5027771894591
-0.812775102604405,-0.963000234973099
0.705176513510102,-5.04464661285626
-3.4992836710718,-7.09276672752824
-0.40341278904818,1.05369431672503
-4.11847139084158,1.03987000681355
-2.90240626637248,-4.2629410518202
5.32549819723732,-0.980963830093574
-6.03184720000878,-5.65466721754838
-2.89490571629971,0.271934634919183
-4.52167009993552,0.962001457752731
-2.41340377757516,-0.828994180853345
1.87757187045248,-0.0722815952038441
2.86733733145708,0.75975812188951
-3.59107687518195,-6.80970157947583
0.930699184748517,0.819596267341112
-0.816085713414943,1.83603543693529
0.75150361549859,-1.4432154166548
2.85293174159698,6.15248975703099
-2.7472699392586,-8.89714861697501
-5.73299410850949,-5.90432224902899
-4.39610432806894,-2.20839268232232
-4.4925952642409,0.684471590486207
-4.304671490365,-0.342116912425845
-2.45658337500357,-0.250036830888012
-0.757816531283533,1.49713087271719
-4.07782500892711,0.399317714938024
-5.0489012013296,0.62557655789197
-2.57840093406235,1.92393435230325
-1.72759941550538,-8.50918636360642
-1.65906126219159,4.03818235994996
-1.45039789145121,-0.457212870578948
-6.88442728316455,0.583283860877201
-1.41875923108654,0.497685304820276
-2.64600496400611,1.65640036817643
-2.57339693114371,-1.68667587093729
-4.23077567786763,0.930100019538148
5.68842015089538,-0.568054891870929
-1.16097330390689,0.790431609864088
-3.38804899280858,-0.530495322920087
4.21690648726241,0.780900140789748
-3.65137994022774,1.0790081325525
-3.0234962098439,-0.301279274589037
-1.34732663766019,0.740225692628662
-3.63031675456669,4.4503080322985
-2.63934619229891,-8.56107720233337
-2.35226654807092,1.21409001504355
-2.52364476185087,-1.99210521270075
-3.63166449904032,0.231589764552763
-2.18243018207775,1.63702269216539
1.23191809240074,5.29322465935621
-2.97413502017281,-0.936278193040281
-3.43991775844466,-0.327641022386762
-4.66877579206607,-4.16276431415108
-1.00515996057438,-0.95101583041672
-3.40254991548417,-0.472425388058188
-4.91475602439382,-4.02159740337185
-4.41933315864974,-5.13573047636666
1.76777623091037,-1.93365309305216
-5.78407627079435,-5.79865080807372
2.73451178118154,2.44667084799626
-2.59211005374813,-0.00878333708204659
-1.31147831050484,0.745124260994479
-0.917673785460706,0.916262661886108
-3.42809201564498,-9.12505176160983
3.8200862387589,-2.68471767708771
-4.35578933895359,-4.8830384197501
0.765980703111354,0.695360873276114
-4.26702203040124,-2.77365043377982
-3.03941101806655,1.73793495897938
-2.5536451613954,1.29135392375805
6.47566257919962,0.60281396069388
-2.87203044341998,0.0956531490621531
-3.29608910443278,1.05517868689204
-4.29610080731382,2.21672637516793
-1.10107036660631,2.23140330303937
-1.90683498529263,-0.759921465086272
-3.31136545228762,1.08857401624962
-3.16807988183698,-6.15633486662968
-3.16292883180289,-6.02937403584173
-3.00388607834044,-6.7647273374393
-3.36154056068437,1.26143664907478
-2.9888782807291,0.641883678445316
-4.36717181074624,-5.27291059700441
-5.94903370265556,1.6678647956868
5.14022447492633,-0.025458958271003
-3.7110901410067,1.26131189942811
-6.61724329423591,-9.0868737196727
-0.45447130047065,0.117440127797133
-7.92779506661804,0.397426211827046
-4.541204916491,2.10746140291779
0.0797905019917757,4.34330662667466
-6.44860516527805,-5.39272629795456
-5.04887326458774,-6.29797771920013
-2.33158428714913,-0.342655886857747
-0.933697936885968,1.88813187806693
-1.65656580276835,0.279851106072196
-3.06832237066706,-1.8853679298376
0.836232700195155,-0.332511159993613
-2.23392860729091,0.356414222903385
5.82087072430951,1.66232345197079
-1.98100114172147,3.35932654165872
-4.92275995931861,1.7972277253566
-4.61727016320683,0.551955709481757
-1.19951339398084,2.41598641879028
-1.43108283409884,1.99550800774449
2.83891126099672,2.26239818620244
-2.80193686241674,-3.71925435114002
0.133338231548364,0.363441579347758
-1.73774448090598,-0.649630487046802
-3.33080157599617,0.360641588579767
-2.74332987804716,-1.23119905585488
-0.982650694872922,2.6939794639772
-3.03050837269857,0.0764397829826403
-2.59831730311899,-2.10750426253531
2.83961188583398,5.89425400567434
-5.01853831673134,0.675550672040367
-5.19853284338863,0.313013527153679
7.65478403938026,1.19282687048108
-2.12892126354016,1.09847968797016
-0.761626573586102,1.53838846474197
0.0455061782845559,1.30071528459097
-1.38243871781247,1.91689897813634
-3.48895292039127,0.645604215896098
-2.67356653392866,1.3662328299557
5.36596245500923,1.49438774666561
2.84099584337265,0.126564646247002
-2.0071261101673,2.09836584288216
-2.47046662406656,-1.27269678513649
0.439896780677603,-5.22561313422318
1.96442558502025,3.36050454061182
-0.604472367087422,0.238383106688844
-0.20452297859125,2.285049650747
-1.90061268538191,-0.762836203454197
2.1314466869842,-0.408133672307849
1.03137401594348,1.33567594035259
-2.3828684160079,0.581324055531625
-6.00239551463162,-5.12685052571074
-1.6237340692046,2.34091106486397
-0.974234276882143,4.84744193897133
-2.06091448563441,0.139135438015268
-3.03354956712953,2.63211933692976
-2.69476843733971,1.62268814102737
-2.40132443317307,-0.791792580226153
-1.80747916208344,1.8510323263165
-4.32918371088292,0.76114236522969
-0.0909893595613087,-0.469758100272354
-1.5102942042855,1.14224478806826
-1.85125011253114,0.228384945469513
-0.526054174769793,1.56404044068144
-0.927980148407902,1.92058648097087
-2.65158375453749,-2.41589303937991
-4.02029002246571,-5.19358030847315
-3.36672412794058,1.50839303742659
0.847094190804997,-0.500657875766416
-3.17837811539083,-8.4244209119599
-3.53896802628291,-8.62798213595468
5.88747178022112,0.146079794315933
-0.674703229571883,2.20851829068613
4.84567158067913,-1.8471533473476
-3.27692208158095,-1.75650436771109
-2.2186631699228,-2.20040647399746
-5.82212145989022,0.874850260822479
-1.46023962053824,-2.20136909107644
-2.77440789313632,-6.24492968393058
-0.39315057559464,-0.211377383639041
-4.4647926262479,-2.38340748574074
-2.11563535904234,2.66218777497798
-5.69581782453952,-2.83274448531364
-5.82013193109696,-3.85492970623332
4.06399863409127,-3.27066739409654
-5.71439826459452,0.104276799949788
-1.35072975530536,0.541969483223372
-0.63780949501182,-0.855893721214516
-3.21660962152374,0.217751360004907
-4.36363485638447,0.893792094807499
-4.95436899969227,-7.8938472396883
-0.071351171876474,1.84279411927947
-3.07125451097109,0.8646855085193
-3.24299825601872,-0.0451444228410057
-3.09011768844363,-6.28375408623294
-0.811636317675292,-6.53387364369727
-2.44052164186722,0.940958324953523
-1.53847698296402,2.87456995527298
-3.80318180356793,-8.53680912763982
1.23406450315815,-1.91850831431479
4.34715408575261,0.596602922126329
-4.7491950396497,0.280274814168944
-1.72351693507623,2.52776399197377
-1.53499398898111,2.30133709043706
5.68144656289209,-0.250127295301459
-2.20453261068967,-6.32197744504627
-3.26062586949457,0.266014102520906
-0.68601596193408,1.73828195159519
1.83699623493917,-3.28702435151228
0.0402996898572566,0.799716256382345
3.30593919755871,0.242094490482624
-4.28790180417311,-4.99311558775406
1.00830456252889,0.503371374149551
-6.23215806912171,1.52905311147823
-2.1871374012004,-7.47131126416438
-4.34239351932815,0.980695563613517
3.31950169103584,1.64522913296276
-5.94989516333392,-2.87784395715707
-2.88574945640589,-2.15688511113676
-2.97618954760696,-4.8287685585786
-6.30181549051752,-3.64711416048404
2.1971362490522,2.08601814438081
-3.36960653917002,-1.93642130285336
-2.75507654817489,3.01329542702274
1.10094836360285,1.05887859250932
-0.590570577366977,0.0555804510080546
2.19750824135625,2.77958187142544
-1.15271990886056,-0.242762801144376
5.78148446226456,-0.888215703082923
-2.6169959133936,-2.25900354028679
-2.54218536526118,-0.333718703467843
-0.247439030541276,1.71259350910515
-1.25484935442839,0.0738942588202431
3.72410963793519,0.958624913810236
-1.43841342798841,0.901694135596951
3.70387481962698,0.201891900093389
-5.68223507774007,-4.3488616780061
-1.91752503546859,-0.690913668183193
-0.861404815142458,1.50726030356814
-2.19257436506298,-0.281805037151524
-5.10549104194079,-6.03847894624754
0.0473776930852955,-0.0101930016573666
2.5248559430442,4.78183115706973
-1.87296086463984,2.33946444356654
-3.38411433108563,-7.49861214786851
3.03140657430881,2.92623204234036
0.689001468962323,6.9648300453425
0.256356234416322,-0.4604526320913
-3.03427196655341,0.751441548110882
4.48501201682832,2.91441432706529
-5.71977033442831,-2.7925592348134
0.085903986741922,-1.3955245534935
0.433835132210775,-1.63783154500788
1.35801915343016,2.39945811413177
-2.04454251347176,0.464087889061403
-1.60382810609547,-0.444194576135227
-0.619957233916325,0.469323280058157
-2.47035569716074,-1.48947467492049
-2.85424350705859,-7.40103366650715
-1.73998579350899,-1.48786372295388
-2.04357843684728,-1.63209179631116
-0.826314965775187,1.68253202227801
-2.30316108699301,0.363165027177334
0.344776600096253,0.825448398100991
-2.30394233957212,0.0646137372893449
-3.17861679599134,-1.95651127785753
-2.53159453966784,1.06237582983126
-3.65183997971539,-7.65163280444064
-3.74280548715292,-0.27056420675687
-2.53142013302421,-1.08015994568052
-2.41520152936516,-0.688606191459376
-4.709923029663,-4.265774005125
-7.2345753932065,1.57933080542932
1.50725630584089,-0.457004411401325
-2.24419422597679,-7.07548960338258
-0.0398421273651128,0.453043841456602
-4.48888159499405,0.417450833785506
-2.13583946198333,-0.0369874587779222
-1.15780243299786,-1.43306588541993
-3.3474369726133,-3.90175841137553
-1.19622428905387,2.56339324553489
0.447307525881212,0.964176386313113
-5.37701759514391,1.74983042525318
0.289209333724338,-0.86682687305152
-2.44942791281929,2.64188835438859
-3.61192073819393,0.340307121574285
-2.39337432826638,1.15869571465808
-3.42638555165972,2.56962259881317
1.57961148861913,1.9719824677312
-0.510709947746973,1.63510975637681
-1.26953146477963,-2.28751817483993
0.797280513894193,-0.0242866522411709
-2.37755236007512,3.81442235634764
-2.17972257589269,-8.09663442991468
-4.11923707798263,-6.81861724219569
-3.58531181633609,0.240922937334301
5.06851956432696,-0.879705838435124
3.49005438963313,-0.0771218863457059
6.8587464541123,0.329906651482411
-4.38205839495898,0.692227298720244
-2.1294453040036,0.556037756775514
-3.50053388447029,-7.60351423351261
-5.8021445922757,-4.11054112837516
-5.93022654203256,-4.11372953769359
-1.45859100455994,1.23657964539102
-2.69556912824171,-2.80563971859678
2.53315984241351,1.35831911414697
-4.24541529238831,-0.238029202734352
-2.83030619787479,2.01354761467222
-2.4173016235006,0.88822312986837
-4.05408208175767,0.182248204217033
-4.05671884697203,-2.53384958206005
-5.88266418515189,-5.45057792420847
1.92664990638676,4.08451448614351
-1.87249659451004,-9.05512211313743
-0.229446210661884,-6.26037070823385
0.709148327014244,-0.2746079587808
-2.21543363935619,1.08223620245728
-1.36097342285415,0.354741785784506
-4.82311242791248,-5.03154310891503
-4.37349881855165,0.251935116177651
0.627457607448616,-0.566374558478904
0.0751147956097173,-0.467428832896507
3.17396697164255,-0.646398478036826
-3.36133534621411,2.15472202394612
-4.27143161723716,1.35449721965284
-3.54295199279106,0.129441194657558
-3.15377920686273,-1.53592780382849
0.0866987384691392,1.31515294924529
-0.424069504178127,0.0067604000696827
-1.62357682908413,0.64736047776281
-2.32422939622026,0.21719909754848
1.53287543692779,3.621624569467
-2.26686437867179,0.348796857495449
-5.12836127760858,-4.0798234318307
3.96310430700359,1.95508255636826
-3.17436824759716,-0.777739498982723
-2.57295798779761,1.62006416515264
4.43418471822438,0.424729900615552
-3.23007317455744,-0.632318994595577
-3.5786851207327,1.36345143990786
3.34298966227133,-2.5930649935063
-4.00167600953546,1.45552166850915
-1.94509764449466,2.15327585399849
-2.45330663683767,3.44951738983946
-2.19433095062229,0.194710136107835
-3.59263539437145,-0.178214259554298
-0.779351728696789,-7.28481181541078
-3.54100719390697,-7.47773564716215
0.419042413705453,0.351231379637247
-2.11708356769879,-1.80072565454874
0.242747951097604,-0.832418272725675
-0.209834479527053,-6.98514169801653
-1.73616206382455,3.32025430330061
-3.71622192378755,-4.24781020069375
-3.99263337289717,0.313401192941255
-3.54950342992225,0.748990146443281
-3.42133830816873,-0.330106241957239
-2.46956344123633,-7.47783691307784
-2.72692689292789,-0.2827471622456
-5.5541074000332,-0.988774786312253
1.47985491283953,0.915094226756148
-2.55774832756295,0.657064607063599
-1.48613787243702,2.51075058022401
-4.02281807722397,-7.93680102880078
-5.24599912180356,1.25936144518642
-3.73615152907276,0.293823214821902
0.838915100643712,6.16169018975209
2.29649281994505,1.7462596022238
1.74207997208921,2.97284607652608
0.325874411637559,0.693658826527783
-3.82140971628965,0.314408980344018
-1.61496349898864,2.49592767651152
-3.23265694181933,-2.16544575844842
7.1900950834469,0.944359252524178
-2.45312970710885,-2.11331908434088
-1.09915152468106,-0.442891908465878
1.64158866405287,4.04146173701405
-3.99648180013075,-2.13804059429396
-1.68484620995363,2.64256433480685
1.09328159516315,0.826969235696122
-3.94008761003728,-1.85403239153894
-1.53499370470901,-1.27412109604446
-2.06297324706041,-0.281294176250151
0.248254413235286,-1.37405984478315
-2.16372279592557,3.45833738693369
-1.29809611478507,-0.91998962813948
3.61790421847777,4.13207716418136
3.72044986686896,-1.83778439251376
-2.61812526709402,-2.0713822837277
-2.16672084450938,-1.76267374095537
-1.96755195921638,-6.68257226609465
-2.61169820067602,-1.95643857560815
-3.83730605012859,-6.21199013848083
-2.32678731526996,-6.27139477586322
3.50951163329966,1.74392176690605
2.38518506430019,1.33017580486332
-2.19576315992311,-6.27287037102236
-3.98746382633927,0.487511809619673
-0.197517953580035,0.769262943498578
-0.596823843387462,0.92183796634041
-4.99576159580097,-3.89490472313901
-1.62694712536703,1.33140080771831
-4.48546371293357,-0.00501840213482918
-6.52452668651437,3.8873952580097
-5.42386581353077,-1.25864688831326
-2.05595625711886,-7.43205762153969
-0.673955438062592,1.99556975344835
3.04699003791554,3.10464582301669
5.44033466628529,0.0983023100697609
1.84382390658805,1.61779544256058
1.67084415460792,3.11332678555228
-2.87779122289587,1.36727731655201
-5.18029447020094,1.08931442547793
-1.11497058582969,1.83788435434876
-2.76046821195025,1.27344908637754
-4.93876243680678,-0.254641800607277
5.50861115063575,-0.382259768462869
5.16014034961666,-2.05157257111167
-5.0056650273577,-5.60581738997272
-2.83019583551794,-0.00613658495550762
7.12663129839508,2.29610922908236
-0.935653459556973,1.68281822726513
-2.73825197656473,1.98397332029476
-5.07789646698691,1.27201475744409
-3.09139384633988,-5.44303062205083
2.65739156892379,0.174363838906421
4.10192053856452,-1.1222897887101
4.88319406276031,0.106075021235466
-4.83195077733995,-6.13450837683671
3.28705167477632,1.55524295419153
-6.85155434105844,1.10077343991384
-1.59778462131282,-1.86650920322179
-2.58975560888868,-0.42978244646675
-4.42508244448555,0.954877322342581
-2.44691490538517,-0.373151132343316
-4.91804788118602,-8.20964775007629
-1.29574061023494,3.10838460736414
-1.54245029207561,-0.398974486248568
-2.02588747646539,1.63540052892927
-0.386624385783646,-5.06317555476151
-3.68208556911631,-5.17881097993858
0.530756547083452,-1.43438504569225
-0.848813221829763,0.26989364449042
-3.11281658895965,-7.71959543852227
-2.92675794951834,-4.46817486998652
-0.838212555847342,1.75556314569565
-1.98961000641749,0.73397328956243
-2.10918271265956,2.74412162031246
-2.49420102642796,0.489787126879704
-2.6602272418219,-2.33597757668207
-2.44133672750259,-1.89945258844221
-0.525917745340387,1.62119338323304
3.48816468811978,1.35464713132774
-2.72320162494263,-8.16197106083558
-3.85875289559544,-7.05838641985423
-2.16718285865123,-6.90672229689855
0.24369629272783,1.12999923924935
2.96997440705908,2.37870952735382
3.45114083822531,-0.542429120887917
0.224163047263742,-1.10652614507537
0.802893343135969,-0.992450433938834
-1.93083468583092,1.9726103105618
-2.82397335366838,0.807504108642842
-5.66814294188552,-2.90231502239479
3.76934192214831,1.12536330210722
1.28895716110798,3.56461561353138
0.0492952259387367,3.84251959820741
-3.64550942920567,0.916734019054903
-1.9412853202221,-0.846856770683814
3.5368263256377,5.04308952187352
-2.54986330505072,-9.09255478084082
0.0627361277299833,2.37631374026963
-4.32424659756949,-7.03412082611549
-2.62144338491892,-6.92527113447981
2.61466442893544,8.54513429296485
-1.97355485759526,3.62957956265378
-2.03752523239797,1.70847706779758
-0.372872157689326,-0.748700627949465
-2.47871497249837,-7.1920542415838
-5.49698367306376,0.418620518196487
6.68900676169426,1.28504953358334
2.94015194258056,2.03317607819027
-2.76897319040781,-1.79155224576269
-1.90551848902449,2.35321543274439
-5.54651954059105,0.444686079897042
-2.74234144165614,-8.8590564684744
-3.29673951793339,-7.59956469155206
2.38908069128784,0.207641346759053
0.838996299667811,1.00723359686019
-3.94986277222173,-2.03228478405652
-3.73043547950306,-7.19072371429898
-2.86526646588459,-4.16703465239812
-0.714915154247145,1.87054595648054
-5.08808274406123,-3.9197110685599
4.42780186572246,5.10030409180143
-2.55791967669492,-1.02566970768195
0.152582418725067,-0.225400520459549
4.08867057739175,1.68711230127354
-0.180417927089319,-0.662354813309278
3.04560097392243,2.05914736001524
-2.6830775378735,-2.62345392646544
-3.2799937192919,1.3492344854765
-3.56582731548506,-0.68010021996399
-0.882807708534242,0.0267191055526557
-3.16243562248166,0.37542411195992
1.99404436287765,1.51239225911906
-1.69217014091426,2.88698284016871
2.92105323527224,-1.89615263554512
-1.78831810836249,1.07525730231234
-3.07382155383269,-2.00663519237439
-1.59238563708491,-0.674050574033187
7.42406937720884,0.424328355610373
-3.57305276911908,-0.0214702522077061
-0.0972610114158031,1.99381421193361
-4.23020919043698,0.56743560891138
-0.979596533118257,1.54550281378312
0.958472637343662,0.254606255331395
-0.139563754887192,-2.21527189786325
-2.25409068250439,-7.52638239346268
4.71653845276022,0.252053864923625
-2.76909106620087,-3.46656049576045
2.4528218318289,6.65113093567604
-0.404874661158601,1.57597796730979
2.01758995129413,-0.999211222100226
-0.0719742188228143,0.374102246134042
-1.93270530112935,0.446683303760556
-2.83157933335092,0.420883710377342
-1.74171957588972,0.173185439335116
-1.65613730335057,0.200444242093015
-4.10628923780314,-0.247793569287538
5.59349689559892,-0.182548172025801
-3.06630232271577,-0.765063703288887
-2.63636618253062,0.12004168965102
-1.31934536186861,-0.609245513635686
-4.56734370157332,0.872678115185573
7.19260244334247,0.592783286968333
3.38121124353905,1.52489305809791
-2.57617715736315,-8.40118020341996
1.14505254529956,1.01606064928413
-1.91721722143039,1.38067048235508
-1.52793064225953,1.56068328062816
-2.84536387481535,-3.86124559559737
2.40406163592435,-0.183607819305786
1.7182633790612,-0.404207893334679
2.41827504332728,-1.81186247614292
-6.09197301503047,0.939558602743655
4.40083739495599,1.57897974685421
-3.67919595027874,-0.35651391620932
-3.22149162404003,-0.313158151195323
-5.66379362367531,0.337532934388558
-0.945980945444735,2.47362815489451
-1.5817064064235,1.05947121826857
4.57310790363964,0.587561826684561
-4.19763143824779,2.09836110510734
-4.43606006921896,0.725130371324696
-5.66385705536454,-8.75620267972951
-5.09962021269971,1.69570538209164
-2.00963573831011,2.80192386771054
-3.89167509467253,-9.32346660529725
-0.689903292483494,1.5171486955185
0.544609620297937,1.35340065698798
-1.15879759110518,-1.1848001021457
5.64253321236032,0.0736912341765172
7.70714931249218,-2.59086186498201
-2.44057391067205,1.15401063120715
-3.90400682892906,-2.50632666766315
5.16426583204275,1.72660944830882
-2.07476926072401,0.382290759810925
-1.78740540205715,-1.60497378969198
-5.07760956598849,1.33165712032846
-0.221277281125322,-0.364888520552406
-2.32018253027865,-1.41719948694214
-1.91047120444026,2.13807629604338
-0.0270511497819417,0.434229202384742
-2.81370299173952,0.561720376229917
6.28749537608149,0.193143594335134
-4.77521348730715,0.946553704274685
-5.96160410857234,-1.64704975780528
3.6501028999996,-1.76593048074714
2.88471062350757,2.14822913838648
-4.17049364277945,-8.0444335651244
-1.54566250073568,2.95582208855448
4.07427902528026,8.07477812504217
5.02488314819631,-0.786446761523614
-0.0582838310749472,0.692613401370745
-0.550022227944162,-7.9364019614412
-0.561017719456421,2.87977271773796
-3.56582456614559,-0.228699306860083
-4.97967090102295,-5.22625721783624
-5.08415202154074,-1.72251788806512
-4.45125324000919,1.34952756056051
-3.8849223296157,-7.23144051308908
-2.12315120764724,-0.521430873660229
-1.0387351230943,0.663245056824691
-3.73075912779684,-4.42543656120257
-1.82979279820213,-6.80681147980424
-1.06774651170115,1.24488660546778
3.43111881175456,1.47669713544157
2.861692486538,-0.925092528273095
-3.1143656096198,-0.534759816034867
2.62900213707424,-0.522061887856304
-5.58368695861839,1.1119728035414
0.229261895200058,-1.29118060419682
-1.68082047621244,-1.16242824203521
7.5419236199289,1.40856597248467
-3.96974336040867,-8.70249893273405
-4.12828139950353,-5.06111064219282
4.61572139107913,-2.29030697155553
-2.68871156824232,0.473269881129715
-1.74404621850983,3.24623840908938
0.208886331019093,3.02364398559173
-3.18165821480736,0.359899699750378
-5.95707539107467,0.994576000337255
-0.612608644320431,2.52110038413541
-2.25341929753411,0.668715440526486
-3.04772733562869,-5.27281139309551
3.00154227171071,-0.653832612537113
-1.24979500882029,0.469422769732435
-0.49742431408788,1.91481999148843
2.01310298951852,2.91421791273431
-3.97158978609685,-3.18276476149552
2.49507069198925,6.82736783503847
-3.40746466450979,-9.6320660806867
-0.391518253439,1.66880384608541
-2.07153801076835,0.460824207815443
-4.13488591910903,0.311479506458145
-3.51969272749576,-7.7246752077749
-2.84582693820986,0.215470686810553
-5.57505143574864,1.2962086135538
0.96969951801666,0.0352878165892117
-4.93211247610984,1.48069678185266
0.154058214733051,0.882310730225031
4.68980746742534,-0.390535027755323
-1.68039026457425,4.34929543933661
1.59840562834014,-0.105879355516052
6.92748137721423,0.215045197430162
-1.22667109046652,2.25335290503293
-4.04907008950952,-5.14919077882991
3.1215164594361,-3.28932722090055
2.39839961270127,0.434089591425356
-3.30599905381613,-0.478349393938901
-4.46268228980679,1.21105990226047
-1.35546780568564,1.81946443534426
-0.562990947635025,-0.695562196596156
-4.65424258624779,0.291679674212951
-4.03470225656763,0.38902815801913
-2.43723419079723,-10.4615199395314
5.61775742064104,-0.625733448841019
-2.90391445846529,1.08474779958722
0.680066317884132,4.02456848341722
-0.590753252325207,-0.539258136961895
4.34458254855459,0.590726096892708
-7.48977992571983,2.40148514841248
-5.4461500701674,1.239165980281
-5.49249094580312,-3.51685816898903
-2.24736888127623,0.0475180921295846
-3.09439642358347,0.460123581232451
0.0852809666397882,1.74393842941795
-2.89458796283716,-8.16104703213169
-2.98775052938423,-5.04850955161829
-1.03220605285293,-0.204336199766574
0.277175481717843,-0.641395937804507
-3.49057922031121,-2.12660121087251
-1.26191845650229,0.423409448543529
5.78306815787984,0.336197763167623
3.18255729045392,0.571950928690152
1.70033341179985,1.39776891557308
-4.3654169070141,2.50939151945464
2.49795818846925,2.40759800160321
6.88846690769806,0.339668713741134
-1.26845287104706,2.99264562948464
-1.02087741231242,-0.397028113277894
2.42034103536637,-0.905812301673082
-2.22686132881926,0.270988197964475
-3.11434515692313,-7.64739049067843
-4.03559243047024,0.902483811773945
1.05872645096915,4.96592707096275
3.04361947872683,0.766891652036761
-7.53845225420091,-2.1573397490038
-1.06984771618639,-0.120710543544134
0.627756807538774,0.00533851733032153
-4.80949732829446,-5.43181170175283
-1.87124690007025,1.91964415792201
-0.487622206830047,-5.01151821439912
-4.08508451529897,-5.7329113795902
-2.45013425978231,-1.6089984248005
-0.689438099520838,-7.00972483170405
-2.82350093491759,-0.432983701318098
4.54629681776451,1.70988552819539
4.26279092644393,4.31303603938275
-2.27720943631574,-7.88060832841994
1.77901904310809,-0.899667302818921
-0.696749865711798,-0.385258161587683
-0.760610192946557,2.53150790702778
-1.86572423699693,-0.805653845021894
-1.98514629719622,-2.00651054546515
-2.61755884600878,-2.22113234910406
-2.60900316229915,-2.25313919637593
-7.82234939575643,0.505045710892923
-3.53799731837593,-6.79595268617641
-4.13221398960281,0.639834732757943
1.24392312227366,-2.79072428536826
-4.87870413410051,1.30103551403839
4.54380708884153,0.371746245640556
0.730481081024313,2.13891917101104
-2.797471562717,-3.44626189371786
-2.62240592211523,-1.0326947879064
1.57034308253447,6.02428642334568
5.90206597943001,-0.0679559650779769
-3.40257018357794,0.102948105668629
-0.865959958139563,4.1837352945796
-5.53928152707869,-0.763471744399119
-2.92620101161668,1.85305437442165
8.34920934751621,2.69000598106512
-1.49606736906123,-7.88920644441766
1.59828241545876,-2.1209552281534
5.09159006352913,-0.350667842665763
-3.26037074206702,1.04051287602459
-3.39029551320344,3.17656688028448
-4.53058872529421,-4.34924434908034
-7.09465847496958,1.11546712175416
-5.52902508170302,-9.70526345249
-2.64624509044877,0.954431980980489
-2.21337136763231,1.14221404984721
-4.75862336327057,-8.81709099754237
-5.73701158754522,0.699924208552223
-2.60508160486327,-2.10139422499564
-3.62154312711028,-2.08965892393961
-3.97210837362723,-4.49976941690243
-4.28061631091827,0.310556249128912
5.6245204995585,-0.266596949217208
-3.18835228381824,-6.27131478494506
-1.18550179756361,2.22819230634922
-1.0556790450621,0.238524934501914
-1.22131913220954,1.11720183280978
-2.00462110860008,-0.0482576233822202
-2.93378586855888,-8.24547901001018
-4.07647039194962,0.933104828360061
-5.89298814925768,-4.41828562615366
6.08144002143845,1.26399804497078
-3.62979935076123,0.298778671933093
-0.97016209659214,-0.182892223560498
1.34218801734421,0.971814445844476
-1.42766715511405,-7.52439144881567
-3.65454695976721,0.577801082970946
-3.48028352679108,0.335771773447321
-1.35942744076528,0.791796107924185
-4.48692983774075,0.0242662926280252
-7.04790010767295,-4.83450226397553
-3.36756852533829,1.54298334359427
2.82023341169006,0.180390404129946
-3.18886270781732,0.297694447150364
-4.33192142389084,0.0701505671649008
-3.95062917425468,0.353943657861038
4.0673343589975,-1.81921589841383
-3.23278872561383,-6.59561494284216
-3.46841569441,0.422345885730697
1.24096904346788,0.290501710106413
1.07499088910731,-1.3643387905453
0.0361361818240957,-0.0927479286217501
-4.19078223404537,0.877774374455939
-2.18246607838366,1.83632011126244
-3.17962967947031,-2.07913984829021
-0.533159840491662,2.06069846014915
-2.96716658504416,-5.66180390836266
0.165854677589311,0.646851308225918
-1.10230053495168,3.03942719439944
-2.68855165141892,-2.78719684228226
-4.17718882500342,0.201417736048313
-1.61454667093266,2.54417161573444
-2.52709863113634,-1.67149229347742
-7.43177189470122,-3.19611374376794
0.985606839152861,-6.20099571932699
-1.63238147178541,-7.55627925285473
2.86446494563888,0.825769818256011
-3.3242743796349,0.497482124536283
-2.34024244480821,-0.43094117792465
-3.22855273171292,-0.345533033902276
-7.83476933560777,-3.32267708518915
3.08033442925902,2.11620904837274
-0.725870179648477,1.56120261914613
-4.47114538313217,0.369724633200919
-0.872704426040575,-0.228170323931505
-4.37651134849361,0.971120064648395
-3.03287358108033,2.07952484376253
-4.2421031872288,0.502135443171969
4.2468748897159,0.524246466446882
-2.1989655089934,0.545946393747823
0.866963997418032,4.48128572243156
-5.2773509150396,1.18081974287398
6.83677681299466,0.633424576758959
-3.86711879514277,0.570581194779744
-1.08578541338099,2.46396002157171
-4.66617554503423,0.653924017938861
-2.37618435496883,-2.10375015915846
-3.66837434837279,0.153222092333637
-3.2697628429601,-0.428963664559468
-2.31528669339193,1.09977159756112
-2.89078827044492,-4.22957946904194
7.94840279200388,0.902718267178204
-4.54177929290898,-4.67218388463233
4.6687659112936,-1.93197574184959
-3.49604322049005,1.29252150157226
-6.90968034209865,4.77307434852323
1.95986341720189,3.03284242412089
-5.02385446701722,2.78080244199396
0.553496564790541,-1.26215002754009
-0.810142231024464,0.431393464955422
-3.59900366876133,0.393094171867261
-3.33076189552237,0.0906759883285355
-1.50909992090135,0.301818977143732
-0.376044605300972,1.4897306494542
-1.75985566527834,-1.25405887476119
4.73222736028804,0.529710327546966
-0.697895988575366,0.462058474571472
-1.26990501733077,-0.00883179488933516
-3.40959650680121,-1.35452120766356
-1.25967360628445,0.0845285272906994
0.874099007858255,-3.77944949206037
6.51592784024553,0.983094091883943
-1.33119126278214,1.77022109965495
-2.12083339948301,-0.281305902067935
2.57960736369669,0.939070608532367
-4.12380218341687,0.729243564326885
-2.74718831600002,-3.19251052205183
-6.11182806050363,-6.1075837223376
-6.64733009944557,1.00646740999973
-1.48186253256988,-0.29871073466544
-2.92686848264447,0.447878947455407
-2.84320830156314,-3.80053906084467
-3.52550670794433,0.0869216427943169
-1.17592672135058,0.0171584439032462
-4.73037194881404,0.727363206566476
-0.480665897587449,0.795848523226834
7.28513546384698,0.792907778001994
-0.150403890264408,1.43821207454159
6.84272467432972,1.14572028172481
-4.21443619574692,-4.39615065063485
-4.03355225428688,-5.41495451730882
-6.0786818639748,-5.92345882530585
-3.96879899294048,0.633765017495258
-2.19535693285915,1.5681499114687
6.2728303724766,0.70492050849535
4.5683035185822,2.09037219463832
-3.38200281694481,-7.15953435730648
0.325232350391265,0.837157388829338
-5.36848507695567,0.995635618195539
-1.85453573626204,-8.78660853265769
-1.63589640326929,0.40149908273538
5.74223219951116,-0.814894184586625
-3.28431803701372,-1.3672166275827
-2.88109284043549,-2.30345012990712
-3.75656017845282,-2.80667865621804
-3.58866603295344,1.52494229210696
-4.81755943145864,-5.69651824391151
-1.94649958893594,1.56382991486776
-3.26532206532407,0.347575157576005
-3.06522981194953,-7.20723144856031
6.75652823875421,0.951649134664918
-1.82666443550206,-1.11670632164213
-1.47601370749551,3.12069744006306
2.96713359543675,1.78113256310891
-2.65214996968856,-1.28706684166484
-4.29648907063161,0.766237116247666
-5.25691406441213,-5.17845578639423
-2.68728980305156,0.0559464110792401
-1.2577723236574,-1.73680379317854
5.98832841449979,0.48752281043071
-3.37303807793465,0.265028509827529
-4.34698328197421,-8.75522341973636
-3.39505541650981,0.373406231384596
-1.80812777434988,-6.77883544290551
-4.19383961625425,0.382730368399295
-4.39557213293762,1.0592366508074
-1.71676715296118,-0.692495468309687
-2.32644695411251,-0.41180806618256
-1.59513568892315,0.44107867662163
3.30006281096388,0.608055072810264
4.34937556578036,0.55759786463034
-4.5470386205398,-0.0259757388859181
-7.49996269491523,-0.157438909644898
-3.07544038586967,-2.22826331918832
-3.96138434378834,1.10932396088592
-4.5573470290749,-8.57351110845169
0.401187061573967,-0.631590122435339
-1.7011196466329,2.48399644236405
-3.8172086708853,-6.97214394930467
-4.28065127161582,0.397943105307338
0.924807845393039,-2.20164735035783
-3.06781321293609,-0.127632055191741
-1.13257773647889,1.08703457913229
5.36786692623935,-0.917453965239968
-2.90385169650002,0.437774153431309
-5.00096993396957,0.17670394048559
-1.2084428095042,-7.16923349288197
-6.58982272312652,-4.13971019963768
-5.48933238016657,-9.1601646432178
-0.932737284297538,-0.90932052295288
-2.91663107866398,-8.38297700629361
-2.46391892473606,2.29437239566358
-3.96329163478981,0.817428719095592
5.54905464783985,1.89093347118696
5.89490051459905,0.0733132772885781
-2.83258386048072,1.54956867166385
2.8686091557352,1.47909285399762
1.3681480731946,3.62238438866979
-2.32662944226631,0.0270267530943877
-6.51646497997238,-3.17758675451028
-2.29694214328124,2.54586234825628
-3.5269780676362,-0.587599074568404
-1.97841340554792,2.49277574792166
-0.542916300564913,1.33882322149614
-0.757948821839023,0.369029891672947
-3.33916322434058,3.21338109482516
1.69673973407688,2.03980657312054
-1.62286565670298,0.845778051755361
-4.4557583564894,-2.21116607163473
-4.61107208334618,-4.30060196555752
-7.42134680582221,1.40007139452304
2.20615129977664,-0.303592105342451
1.58942453981438,-0.899868380097552
-4.65783319201233,0.960019401000868
-4.81900183819584,-5.40092195352672
0.510041619690857,0.387304655215407
-4.51530975079526,0.406850850479073
-1.26146056607415,2.02152160191157
-3.68505269706303,-8.08975784362483
-0.699459041090886,0.48413815930221
1.9528198141586,2.19925242489219
-6.53449830117413,1.37729027857543
-5.88205992365883,-4.82985828057027
-4.61837732935966,-7.18973366130631
-1.68551133082675,0.664226031411606
5.30572350892326,-0.386182351459746
3.81923038579012,1.10239577144043
-1.51054394010017,2.76530015505277
-3.75006390093419,-2.14844948975021
-2.44884597774465,0.0847209624496246
-0.47544020077774,-0.550715831184512
-2.54641052576067,-1.61926938918869
-2.2888116193193,2.33007461696367
-0.30105238883904,0.866868647894682
-6.07204251789489,-1.34934073831853
-1.76243465448239,-1.55804961275553
2.5425362348944,1.06326502089561
3.05084365351633,0.732383300503208
-0.758570422981539,1.08802425546194
0.615745333340461,-0.931769827201252
-2.32390018033131,-7.14088691369383
-4.6992770570397,1.14608177348809
-5.6215904843847,1.04325420048959
-2.58455712569731,0.572281265210788
-0.198090761257017,-5.85803878065983
-4.50872012509373,0.722237564262404
-0.447666078302442,-0.650834454109046
-1.66787251241775,0.382120934475509
-3.08014308616282,1.09886749723111
-0.752387167206577,-0.286565576506713
4.71446916150718,0.322512664404417
-2.52104260339607,0.362527343936143
-4.69415507365877,-4.43270757427316
-5.82342337329193,-4.4899644397762
-1.90876401578019,0.338927545448583
1.89424355832403,5.58589955958314
-4.8315682519314,-9.71120448746655
2.58413500473031,2.21001407440204
-2.27097845188525,1.90875922293775
-3.29110899581233,0.661782391910718
-5.04312247320651,-6.24041627595952
2.24787749801476,-0.308270099867035
-1.18578025911288,0.220340944610531
-1.96698579900903,-1.4880736734089
1.75460376505641,0.582556761325503
-5.68960132300585,-3.74433931567101
-4.57428229163294,-5.45270398300172
-5.00561176156426,-3.93273932980822
-3.1726403295154,0.299953242134332
-0.966107816664257,2.4087489834125
-2.12545195434832,0.31373845707125
-2.385993967994,-1.0681164707068
-2.36557308266764,0.465127240695064
-0.456271871693165,0.879449673023924
-0.00296039436976381,0.90647077289696
-4.31162892554656,1.2473683298293
-3.94963542183407,-8.59158559292054
1.1056409134735,-4.21753597527525
-3.92490934252762,0.470478050227186
-2.14023122479151,-0.28026955539541
-3.02319796815189,-8.36320276138776
-4.93379759638879,1.11891496701307
1.59730405311402,1.98697602939712
-1.1294382802177,2.77149648584739
-3.35223566946614,-7.92189490394478
-0.745373711296616,-0.887396210874708
0.127809779669144,0.884946363275417
-2.87933541081189,-0.0132041978102767
-1.59982739383676,2.14925547539699
-0.958843291238523,1.85922220588594
-3.94518167754157,0.732463121009915
-3.24626777720332,-0.0392390223733979
1.89494448064234,-2.00416006362455
-4.08740886903685,-5.28127584379847
-5.0305945916238,-4.11183061243945
-2.48307055403376,-1.81591005402818
3.44900516430601,1.42759474012948
-2.85047040747054,-0.72750507128378
-1.0493682906977,2.75710943042042
-1.95440401141076,0.882768460085693
-4.56206273509336,-7.59127503951631
-5.81349210409048,-8.2205546956564
-0.764919831386895,0.239005880199489
-2.83343859775466,-3.75759604901831
-2.0456219409502,1.3658595608428
-1.67775502328456,2.88063843215043
2.85615494901139,2.12851627698454
-0.349376700012148,-0.589585693341947
-4.6765453752344,0.750490296550285
-4.26968619888384,0.969730258844471
1.67484665399136,4.03274760285054
-1.09930550961246,-7.69301186799924
-4.70761187573014,0.377599394330712
-0.993849504737685,-7.37810252273701
-3.63595055801073,0.988034785433871
-6.24119944446212,-3.87199581333781
7.25061570723513,1.01530126205788
-0.88388301778537,1.4280071382678
1.28373519247942,-3.09175786654992
-2.58571149369998,-0.287372226169697
-4.32843254855389,0.494152245559674
4.70796772168047,-2.0063324212369
0.978054550700712,0.830124370213569
-5.49465361745459,1.16017732838846
1.01569200142089,2.29742532570806
-2.29952532793727,0.607121306172912
-3.61257998521456,-7.83231839743744
-3.50112301124569,0.0519483808944088
-3.46177286585822,-0.435486186942879
-4.68092800764463,0.775525320673996
1.74969534665405,0.0222215689367496
2.93462979689228,2.33132146796219
-2.9324161107924,1.3311386583909
0.42845341634729,1.14678080748145
-7.28314581305806,-3.27451171418272
-1.95945485503059,0.0325953075981548
-2.52105113373982,-1.91998614482337
-2.89678092116181,-2.7294778871226
-1.34508892186354,1.14049884988608
4.38907864256807,-2.07199405722207
-1.65069589332457,2.60155499285326
-1.88662569809938,0.120938142179708
-2.76142546663671,1.7433780968316
-0.617067802613967,1.60321001511294
2.92742350073673,2.47988311667875
-2.65776557715108,0.923322674760665
-3.78059511334494,-2.20379096029106
0.338354195501392,1.29355584404263
-1.4586594656346,2.26657912812553
-4.48208126638709,-5.28595854193389
-2.53831715303477,2.9381403509653
-1.79248056309961,0.657865862653407
-2.0240545116472,-5.63953555506397
-3.07857636735193,-5.60219737515296
7.45100338660868,1.77785504772475
-2.13469618198682,2.23808817486611
-2.91555819465739,-2.10057727775649
-3.05608772105103,0.979156068855378
-2.37625934748615,2.42122474000287
-4.55380641436619,-0.0129601321107901
0.312294181164206,-5.43223411902756
-3.56686180164663,-4.89178930099605
-2.52140142679918,-0.133881825208292
-0.52108759826193,-0.656301285339538
-5.08080954957786,0.558797641046346
-3.76651416218228,-0.0263892678639908
-1.50358630774091,0.08110692450534
0.888794991129681,-0.693598151238073
-5.63037912207742,0.802867879101029
-3.07931951690318,-5.54575790339018
3.00477710369847,2.01490570559304
-2.6535987255093,0.774685245433608
-2.72616041659918,1.15657932795536
-0.160338920161319,0.859682297961522
-1.8595786700909,0.685276197563307
-4.93966074561947,-4.6629474163243
-0.0611363537275431,0.979028736689807
-4.75513465837434,-4.95613096366861
-1.62654625170015,-1.6799329046923
-3.29750415533414,-7.22357683227683
-4.04475689466436,-0.259017022676209
-4.07554406263274,0.348487072896827
5.90231652943264,0.859225710090903
-1.13159220242981,2.38730119664035
-3.32924765651805,-5.77652776738372
0.667291033073972,-5.0846550311155
-2.89570736925327,-8.37022833228017
1.76842706556747,0.810979079626095
1.52104601284868,-0.960371896277846
-2.21132171065683,-6.73146088503997
-3.83855208716276,-0.00534650890684846
-4.28825263707933,-7.87377594159911
-3.198143307388,-0.170875270301839
0.0848414273425244,1.00302593181517
-3.24233112527411,0.298307825718643
-3.58153093883926,-7.12749689479479
-5.22538284537125,-5.57409491147836
-3.77481872576086,-4.18394321142987
-2.82099450491796,-3.72154566333754
-1.53631771219957,-1.64924391327452
-1.78795207901226,-1.34007694654232
-1.30808291295105,-0.581651406675675
0.464925150273843,0.478971140156911
-0.667242274171405,2.57875363918841
-3.86827041025178,0.515046072407344
-0.771701985922842,2.06441122085371
-0.666921696776973,-0.793446274355527
2.84974827905485,1.30361858464076
-4.93797028514278,1.02368373117421
-2.06534774675056,-1.56860476930007
-2.30407574571437,0.917344105969123
-1.55901577638291,-0.135128179155572
-3.57383504158626,-0.551518653001581
-2.97121293798307,-0.33540942355896
-4.9581611448652,-0.210164569151812
3.09203642026053,1.84011659600263
-4.45892696065634,-7.89374370043493
-2.53171820246176,-0.663586248337214
4.83680472398238,3.2479775295343
-1.9033275053118,-0.863985153234312
-4.13113250451298,-8.52490698169125
-2.43288434527337,1.22537976186604
-3.81469306176843,-0.16122607797063
-3.84091027422178,1.034799025692
-2.20063736119074,-0.0895395356310643
-6.45296063716549,1.02650307882041
-3.24991183903348,0.0838090108796711
-2.83130066666881,1.18779169250585
-2.68878331897916,-8.57356714197629
2.3814199142364,2.68922279602486
-3.22762598774058,-0.173221769302119
-0.0127395485053428,-0.080351822572812
-0.572381810057342,0.863463916259282
2.64336817313906,2.50885601155328
-2.40934703066918,0.69842379300603
-3.34864059212661,2.67020679839769
-1.14969908695839,1.40458889405066
-3.09732974639973,0.462429336526759
-1.90041795976587,1.61103383538087
-3.123674552004,-4.26640294593521
-5.32435996944962,-3.05744303289336
1.72129950399887,3.62320713642434
-3.80241028442731,-6.48769341977716
-2.57004458136906,-3.40669490103547
-4.31039722365072,4.59399428140893
7.01623277595937,-2.05449169468733
-2.68859996785682,-2.79124092227086
-2.43530244817543,0.978277242209839
-2.74738496412364,-2.4112687445718
0.771869811089193,8.20091217739587
-5.56869512433759,1.2228751645281
-0.991479762268372,1.49411204371114
-3.35871874337907,-7.98022097729131
1.17367949346221,1.36251722983551
-0.83188066117779,2.78508054740602
2.04295111814905,-0.281497779830552
0.74796059142051,7.18879748028066
-1.05429892874329,-0.921659464662891
1.88429468040695,1.49965197612637
-2.45772930839111,-6.72007225922278
-2.54244851247258,-2.30597106836361
-4.91289763372949,0.903288317811827
-4.20104567893634,-4.87886142038588
1.25835110515962,2.90171206519608
-5.26910352333223,0.959241403460991
-7.87995113582649,-2.61527673707833
-1.65073692661051,0.681172409848989
-3.28853715085784,0.21484650520089
-4.74176786588826,-6.64110958937443
-3.07152140239995,1.75272576351661
-4.65887240751,5.32338688619322
-3.60828025386203,-7.27131460801587
0.410270214814357,-1.15057906762901
-3.08264573922129,-8.8925203035657
-3.69655357922448,-8.29735139431458
2.46123055033299,0.815543177253025
5.48642340599719,1.10182486653047
-2.75973960972189,-0.246705698287064
0.0135563104319663,-3.09438834845083
-3.1887985172238,-0.179636898140879
-4.16676660386428,-7.72889747638024
-1.75346341101827,1.36721012763346
-2.61466332521812,-1.32272865967677
-1.48029571010653,2.74771856790454
-2.90393317687534,0.083960457326884
-5.74752555541495,3.0057627087195
0.0407670823841247,1.88141592169155
-2.28444456650333,-8.33842788099996
-6.93688514760633,1.7508800541367
1.43660965886386,-1.87041866995555
1.40932894778948,1.02513158236831
-1.3828507992815,0.784405856716242
-3.34442743170696,-6.75952771127432
-3.71581266893704,1.05950787170532
-0.640068229537828,-0.778027057517638
-5.79634725359697,0.300051823299157
-2.5954459078773,-7.75040950560965
-2.02962582059671,0.0841107984469848
-4.36675990330455,-9.7669499918101
-1.1549449361882,1.06188156266252
2.79576628601888,0.469043449789985
-3.27885304027463,-0.838820555672709
-3.01521955064144,0.229955496823867
3.91450312066335,1.07738448467899
4.76842298590615,2.05423863975146
-3.06048593146127,-5.36737798668772
-3.14351451593073,-6.13912784695287
-2.51909176315032,1.73623054191972
-2.55560989595039,0.314073216569884
-1.79159147546594,-7.29337375966621
2.29095632247481,0.572378184479549
-0.637808197177256,1.16792669851503
-4.28160349929604,-6.19204295741912
-2.5475769689042,-0.720048536583365
-4.97753983143197,-3.49460426952973
-5.807309094115,1.28910670936719
-3.05287810356711,0.73150772696352
-0.399648193642461,-0.157021492760579
-0.329309442165835,-6.00927572296542
-1.9967423405707,2.13726250126037
-5.01551297109739,0.551887611567658
-3.49347572836381,1.3310133895426
-0.507346503286619,2.13942730447648
-1.19291775696695,2.60356928729596
-3.33042232834028,0.10811208997318
-2.92518953669077,-4.3922339125069
-1.74773296412543,1.93178884505966
-1.48304460424564,-6.70497427658507
-3.11261563672839,-1.82507731481033
-3.53869609304687,-8.27333649451715
-3.85363400563613,0.282335221725264
-4.37669168278947,0.918510876698824
-2.7310268180471,-2.96442845274872
-0.615009184020693,-6.54562947883
-4.16096560971077,-6.11882239632448
1.49039188560608,-3.4298137916227
-3.09897015373332,-5.56792267769712
-4.27614726124983,0.867332326995526
-3.752026236837,0.414648707517266
-4.35218526054844,-8.38814945666833
-1.84137420368263,0.519784353291961
-1.82975289578805,2.74381417674504
6.48338242114784,-0.0894744604356438
3.27819828816033,-0.868772353470855
-2.78186446303496,-3.57358138497846
-3.38116217634482,-0.0351544537291248
-1.30371578921499,4.14614298639697
1.51801553435507,3.15286441012347
-1.2049888849474,-7.14194829560552
5.94407752242195,0.361406714371221
-4.0262544844015,0.248463803291423
-4.10292582008282,-0.356516261704444
6.22869031611591,-1.46657400158286
-1.4943347731671,2.30808409526214
0.737658282653254,-0.00121276869807274
-5.8866716504585,1.49264644485097
2.95216216069817,2.22802025018992
-1.11382018761315,-0.271895574551942
-3.45370669782513,-8.7866642007968
-5.07451371816112,-4.60844680892072
-3.11561165386957,-7.96906891291273
4.63406917118026,0.0780251590719186
-8.17188050482082,-0.220102646791267
-5.78893608606176,0.530281538362543
-4.90293424527991,2.04191363882109
-2.4197406075083,-0.238195869799292
4.47726434238586,-1.24476772663618
0.186506079668316,-1.03158149723526
-1.10957055687916,0.884550444911051
7.69489721998539,1.02368593467707
1.94364070698496,6.65435007768373
-5.38036826020512,0.0415578956221429
-3.30012077748535,-7.62555745611116
0.511152606883992,0.391318144876214
-4.86022596426688,-8.9999070068828
-3.58506302938173,0.616204669412428
3.06065832276426,2.04413256851675
-3.93718991716851,-4.74561045460735
-4.91749062316074,-3.88997408119666
-1.80398884358027,-1.70333626096872
3.12661904618583,1.98121897142043
-2.46525109785586,-6.06605246241498
-2.38529058957259,-7.87795930855471
-2.71431358237318,-7.06494064337044
-2.30112649365877,-0.125573610474005
-3.73284831459925,1.03977242112855
-7.94778466614241,0.989500257311638
-2.87300582113871,-4.01798702216486
-4.56593683055479,-8.97526529635418
-0.780777099908564,0.129629734306217
6.94610650882507,0.924688572939982
-1.94447431519827,0.934275914949447
-1.80238726026892,2.82519127435954
-0.466095515959148,-0.845139234899128
-2.43884602003882,1.2506285513719
-2.16945949851835,1.6385671631391
-0.917313425454731,-1.05883465618601
-0.403943279978065,1.75759396361455
4.76907887541952,-1.4573748469884
-3.4185695134187,-0.042601171370987
-2.0900934835679,0.124145126429248
1.32981081653734,-0.202065304865034
-2.02715365522968,0.998201866320572
-5.32908517298851,1.17212655150999
3.71780423929997,-2.31066247390339
-3.2957029999124,0.489989279548833
0.857458659711377,-1.25498156152756
2.45648211452112,2.76040670316949
-3.79861177693465,-7.68799080913291
-0.609202067151392,1.51008176149131
-2.41317102097408,-6.70653570165842
-3.11368536533146,-6.91772387719656
0.985820732618361,-2.13813211440296
-4.95731484316767,0.363552765858497
3.00504014173052,0.765352502284968
2.46262186395739,-0.827612036327086
1.61642413540422,0.599413356150683
-1.92370509352995,0.0810993990021949
-3.5934017250013,0.937912364713519
-2.53182115877265,-1.92408852829309
-1.43126941391055,2.67680710390416
-3.14298840301221,-5.94205407696917
-0.474734857217307,0.389100663352291
-1.44695615574272,2.48535923949251
-3.90660944134746,-0.281142497207421
-1.28006267350043,0.979768526617882
0.743240297407255,3.7446195834619
-2.14660736514639,-0.783370159748968
6.58340364535148,1.45502909641836
-3.00091751365445,-1.88483730153029
-2.75153272078273,-1.04445244015256
-0.0523871362387962,-1.06616022744786
-2.842364476539,3.30278528388295
-4.41641615392864,0.409973254229377
1.87037209329368,0.796104563136203
-0.908808132056236,0.0369652647661622
-0.937102575547904,1.80016164521633
0.771074779321824,-0.67367812989101
7.06122328894669,1.64062427651415
-0.741635505308276,-0.391403369665656
-3.55867090397321,-2.1351380668495
-3.6083959056829,-0.199532478605886
-3.63190316276727,0.26504314463261
-5.7875201713767,0.49900913320038
1.098260193938,-4.47856496377302
-0.835729010163091,1.86798586102338
-1.85478999563652,0.721560050317619
-1.35737080420375,1.38546754022998
-5.06048009984179,-2.57181705391821
-3.22551039620617,-2.0750245743717
-4.27651652935747,-5.62783142064277
-4.74935613845209,1.75817831960556
-3.07871847946594,2.37336865656953
-3.67236758547635,-1.88965850088199
-1.40449750120912,-1.09474936433447
-0.335295378570775,0.166905621035337
-5.73495004166051,1.25682649400276
2.12886685329808,-1.20413544877957
-0.665553996963644,0.428366436378267
1.82223346095489,-1.65443301403324
7.73114740219386,1.64251633116407
-2.75738370903425,1.70690995418012
-1.39053847684491,1.36181247821197
1.19048522439905,-0.127463137038046
6.57123631547155,0.0946300139426689
-4.20386023017594,0.729630921472514
-1.20288682050839,2.02580517676914
-1.29762778745465,-7.34541675385918
-5.83902115943374,1.57323043975739
-5.14378565353515,0.771816637388248
-1.24310961187722,2.2201677913797
-3.37908741728371,1.09662252146148
-2.95016053969041,-0.22257767744257
-5.79205449781211,-6.02620690613395
-4.28613055270195,-7.76366774010643
-4.91751900617133,1.07067722017527
-0.783241942160523,2.48002280579984
4.26487300415559,0.493727699476752
-0.854489822086408,1.93720658635042
-2.27081466223557,2.60206220321792
-3.55619580779356,0.119387159768668
-3.89927026641223,0.45772426324531
0.0764098342054544,-5.70325861673483
-1.22972403987565,-6.75620223880646
-0.368263774573837,1.86764791427444
-2.08312455303464,1.61448944773485
-2.91292500606121,1.9581260889693
-0.161538513751024,1.37585573939106
-2.62256913187925,0.287033196383423
-6.79943426758198,1.46435656368134
-1.96590490713999,-0.0187764977645808
1.96119907255901,0.176335239107389
-0.718601592108131,-2.40340662692336
-4.12201012918447,0.00935683523061448
-1.23896157845504,2.29014464473842
2.03132530083761,-1.99122077499748
-1.55584901881868,-6.95395288216428
3.83416144861909,1.12139415529016
-3.29392761856307,0.575806928190424
-0.263183453555531,0.98884024411844
-1.9245113501917,1.85967942185927
1.8529143730839,-1.41698936375256
-2.82612322088693,3.30435984011435
-2.22599029150745,-7.13227615152909
2.15798685455059,2.70463090901243
-1.95102291865714,-7.45898167515129
2.31125402884432,4.3597758088707
2.82106277534323,1.58745578690158
-2.89404440144287,-7.30627120171408
3.04034309289904,1.93834180364989
4.31044200331536,0.82770045728248
-1.46653775226029,-7.2761848161019
-3.29865135131256,-6.32181775630132
-3.18294688185327,0.584623906985201
-0.804088849102677,-0.3279065349893
-3.10469951976332,3.24776809448157
1.44184441731748,0.608639872527238
3.95612801332718,-0.435935054231188
-4.30770447782935,0.711555817369636
0.0889434543130205,-2.11271816097456
-2.46811005122538,0.836324117793322
-3.42414633234113,-2.30322820432673
-3.64933409193019,-6.66201941749552
-5.60882590167238,-2.65135777081433
1.96353489766743,-0.911872364157145
7.86361815403166,2.84455868171061
0.380787487820137,-6.33031662293322
-1.62570412862808,3.78540051342742
-3.92506673758034,-7.78025289640935
-3.43343983949865,1.07214699196309
-3.48146293941416,0.34302993219755
-3.04612342286936,-5.16721633463228
-3.09267315450429,0.751682616578093
-1.44478539226264,0.158811877185147
-2.87882396840844,-8.48633833319813
-4.65520374795944,0.251890053785781
1.96148768008155,0.938785205714133
7.05398910250075,1.16287395922707
-1.89183132244181,0.62351426601149
-1.10753392829772,2.94323228407142
-3.17266248718995,1.61706877776328
-4.11802849027858,-8.27034708288328
-1.45947398572744,2.29847891582706
-0.422632919643023,2.00208034134898
-1.58653760471601,2.46962241066634
0.363712972414959,-1.02630374187875
-0.159791394574662,0.0332428607850305
-3.30065521350439,0.809173597493687
-1.89341648785531,0.743296965639991
-3.94113039090227,-7.89058943233444
4.43519341676381,0.890670094563051
1.40274654034962,1.00250355235163
-2.73909892513962,-3.08106709856132
-2.11751473459004,1.7439812323781
1.41063239429287,-0.420562210528186
-3.39105110514757,0.83023576998682
-2.63881108052021,0.0726475159124162
-3.43224839595531,-1.17402795229588
-3.23561120525434,0.792486325133089
-3.51595608890537,-0.00595508951401269
1.2653871036631,1.64777495282738
-2.67081724838813,-2.5833152008055
-3.97597573149287,-1.55834415676261
-2.53460270743418,2.44878897862685
-4.76524076653748,-4.35094426507667
-3.71629021499227,-7.07387356349152
-1.44296221945796,-7.82022821031092
-6.13572661736622,0.996449629194608
-4.83314624920103,2.27050751629794
0.400101841828165,4.20727738087822
-0.939801163013151,0.812188086881362
-1.4936170549886,0.273380060818077
-1.86559053780957,0.154008732166382
-2.90548038175615,-4.2424334169805
-5.06712149837446,1.54077559773966
3.27950327861546,0.768194163297041
-1.75314752988851,4.18729192731531
-4.26533221938868,-3.77772531681483
-3.76983251571564,-6.19059276135787
-5.31350609937395,-3.57044010690893
3.93186283197637,0.927741056406804
-2.80678650325264,-7.2117324519226
4.26807687118892,-1.36172011995655
2.20536877759193,-0.684574684078439
-2.70583209978177,-3.10535701807651
-4.83627676617533,1.01306404464494
-3.91885583810589,0.639296643132633
-1.5411214483163,0.306007577011727
0.717729558974836,1.77649825967252
-3.92048702809484,0.809342414127195
-1.18926765928499,-0.805711900369965
5.40946255865434,-0.199287270092566
-4.26884814523537,-7.67982187310233
4.84502248892754,0.0779795084441504
-4.84288036980996,0.264209940076133
-3.66066849645891,-8.27644307943593
-3.21726632757582,0.117721718469052
0.712705660781673,0.256493532058458
-1.80642572976696,0.561674219546529
-0.722356054398326,2.26755578300564
0.378324424972294,1.40901713272439
-1.68734309620604,1.4783727352607
-2.79488022328676,-1.71878176777352
-2.41413688432839,-1.01716574838179
-0.320531820370766,1.16919176509655
-4.63594352826594,0.729890343830367
-1.3641090863513,-0.117499462634717
-5.82037948095864,0.234899696477416
-4.16103130365791,-8.84483378350237
2.44476335711226,3.457318587834
-5.48336226113988,0.552670723713555
5.26612524715531,-1.05033579180655
-2.98976202294113,1.04452986362381
-7.02218401653037,1.12509950666687
-4.85738610837872,0.788252087558574
-5.00173978058309,-0.594148983603928
-5.83485218395073,-4.79505047296464
-3.07592888049718,-7.92603612833634
-5.9516250467708,-1.07053908023622
-2.00504756626598,-7.3429888787992
7.03484496556711,-0.152599028794665
3.07187160604656,3.65031071175637
7.19267782259688,2.69043024121944
-4.9409265893811,-4.11308371649895
-0.0214980566458443,3.45660852015859
-2.33140546821871,0.0726752188828502
3.36991543550891,1.72574171897454
-2.73939394736164,-3.22060032695551
-3.07832242188142,-5.29951896485452
-2.36455321737421,0.6760758729582
5.17247200172601,-0.288768250606802
-1.33437625622203,0.941513739800048
-5.60832299626172,-5.15728954469977
-3.75943926918721,0.218262871778434
-4.67399568449398,0.284243486179249
-1.68513608284954,2.58515467097894
1.00179674772843,-3.17205674441172
-4.09911716381056,-0.477429890113614
-3.03523153967561,-5.14940815286237
-2.6468002980856,0.0912184328148163
-3.79969330199512,-0.204203304942058
-3.11594789389477,-0.457674335441369
6.02894438866305,0.33927889116017
-4.95618402088761,0.50146937355543
-1.85484985056616,1.2362151351892
-3.65139744915807,-4.78931641777034
-5.95629343244257,-5.21257294343859
-3.70009786245539,0.902465363482678
-3.11369116243979,1.11913828045568
-4.35048236864902,1.69390218845362
-0.994445029648352,1.74120339018552
-2.97950756539648,-7.32346136051625
-3.54892984124416,0.433575443384991
-2.86607801335874,-1.68146859480812
-4.2783658721263,-8.64174156071697
1.21410674605123,-4.76717543909385
-5.32271772188359,-7.68055470038935
3.03580309539796,-0.0746735521477809
2.52011269010699,0.21545644917742
3.51760399766798,-2.71229225418441
-2.40840134823485,0.549130781332838
-3.09544849719126,-5.73715822752277
0.291348814854394,-4.97335035246407
0.550834703057646,-0.483236234719401
-2.56184928354149,1.77929054766687
-5.58153361008732,0.664765180996694
-7.40569215373779,1.01291769574887
-2.23550600955971,-7.51982639937897
-0.402206034764588,0.81206002319329
-3.11417659533838,-0.575222464571156
-3.13907600542266,1.78631750327016
-2.23084511739471,-7.05575143010236
-0.645010364440961,2.13038059080051
0.525556103221966,0.00355327953043805
-3.46028687347534,0.586026574949742
-3.11433394092525,-0.490873678755909
-2.67996199399528,-0.773140351929166
-1.27434861221603,-6.57559583715365
-2.56727454279083,0.459399791904375
-4.7110469398283,-5.49971813435903
2.15660722206062,2.59765518483922
-0.00385460447977626,1.57077488927075
-5.12639949531817,1.80707423467658
-1.01363070551065,2.44802877498154
1.43648497807069,9.45610692602871
0.262687872137383,-0.416088391242438
3.38589728760558,1.53345199451398
-2.05172229345406,-6.87266058197279
-6.10893239055753,1.51340078361345
-2.94323141283318,0.118783450679044
-0.00396733106942415,1.37875038366201
-2.50593764347767,-8.93317229827496
-1.62848838583538,-0.514050009996079
-1.33801604781432,2.2459033421416
-3.70660297131172,1.33138983933052
-1.90076077662939,-6.59623944657879
2.37014588451382,0.581139480545989
-4.37008259193908,0.969878220825317
-1.63058370135702,1.04365565571113
-2.63518729394232,0.497803647847844
0.528919181153616,0.223346356147273
-0.552408294747224,1.82135073126075
-4.70408043964399,-7.21721019514648
-4.33524314808106,0.942405354980181
-5.37008806965899,-4.53723917433213
3.2567815075306,0.732081505169002
-2.9200839638068,-7.06421792282004
-5.43689858211261,-5.14933439161266
-1.10501303610308,1.94986059134561
4.45114367726864,0.51858329538163
-3.06628551100517,-8.00013524983494
6.14047684888136,-1.07392190566532
-0.719263425620291,2.49174841257382
-1.69794771770733,4.17887557292785
-2.20193915128112,2.10121093246977
-1.4237600716742,4.17608420711676
0.520833534707499,-0.454605256006751
-2.43296774675399,-0.581002582478879
-3.24072259212236,-2.09239071203926
-1.39819442404976,-1.09442639250921
-4.67847806420506,-8.99166932265631
-1.05288721246312,-8.0300160581571
2.29750543688824,6.36097030650724
-2.46465007542545,-1.47754047509224
4.48798056215261,1.41428786343874
-5.81627378893224,1.13901272879893
-3.64689984263453,4.52672436251288
-0.568302244451792,1.79119042178824
-3.22376380433893,2.98003076192607
-3.34464642958424,-2.26630791122214
-4.92526989198624,1.51364095611192
-3.01539344156756,0.685768763673489
5.27900530492509,-0.22324512876405
-3.03438192969893,-1.4262170214247
-6.51964405341145,1.14463538711417
-3.65779535815331,-7.92118918295731
-8.08595930385771,1.41090719471274
2.34774957185358,1.45120225462463
-4.86975478948333,-9.00096331075494
6.6360439046379,1.51337017134267
-3.50771188379883,-0.158335389864195
-2.35250870865542,-0.751752626162725
-2.72107285351961,-0.280513481612439
-6.30012997749167,1.05164739320596
-2.91256298191498,0.172989706312691
-2.21139499045655,-7.56476493169296
-3.11642931263526,1.19506504819583
0.208716274558163,-0.728115360081913
-5.02148638711457,-4.83579161684352
5.61307151893765,0.879177895279363
-0.574786431441392,0.778920271646648
-3.74683764897572,1.95437969267023
-0.407338489640374,0.796678946343092
0.144393416793599,-0.270787155015359
4.07513810604707,0.854381881289008
1.14614927740576,0.195840957789362
-5.02748424714174,4.90238430424605
7.38891045720356,0.999109890508324
-6.51625851499776,2.44694953909594
-3.66253850950385,-0.160496233658717
-5.45796366519381,-0.414761404638343
-8.2315828842511,-1.02528708100454
-3.831053740775,0.91723604890916
-2.96092677202593,-4.67056339554182
-0.23584302933985,3.22678438017148
-2.69716150800801,0.184892271538667
-0.63096239663272,-0.0536195135828329
-3.01024119435808,-6.30264512498203
-3.99534042877437,-5.43833718344252
-0.545112453939966,1.43870440405016
-0.412023956348801,0.347732296767842
-4.77847428250272,0.66854225648014
1.39756875723144,3.75762025571392
-0.329136047818677,-1.37465296428372
-2.07915618829596,2.04853509433017
-4.47556800446447,-7.7930684638777
-6.56297061142489,1.03903642166966
-4.28206446878117,4.23931882509217
-3.82886246833766,2.45601187323214
-1.85593713906888,-1.97441104109858
3.4704188549628,1.63737148924649
-1.33956906074096,2.03280029829901
-0.757703937706953,-1.18467654097417
-1.82846506824676,0.302086980963155
-4.93240158982298,1.45145267780915
-4.09460139578567,0.787616144128859
-1.91444005475432,-1.66338669820787
1.66972116290944,5.13460471933464
3.89541632954576,1.03434678911995
4.3489472604729,11.5762911091524
-4.87184230263856,-4.81839588068163
-0.349256271584161,2.06645172698835
-1.55560604168033,2.6444552870727
-0.291329424026938,-3.11779757767007
-4.79580915454304,0.595028871145956
-3.23677683412538,0.0201081496552509
0.473868740104277,-0.302770506192342
2.28839007878998,2.61539903419483
-1.02258491276246,1.80884843076266
5.34466423784051,-0.690718097234044
-4.32644045987053,0.662027269912856
2.92574647415706,2.11033140326138
-5.37809129581307,-9.64215387054235
-0.00125169873408826,0.127048947741976
-2.65086464181056,-2.70644225145697
5.21843555755139,-0.0877634843381279
-1.03290227661104,1.84611676323617
5.19627826272294,1.00864137827116
-3.82111221527651,-0.250839184050275
-2.89175669654689,0.80442589802579
1.71837384224531,-3.85728646043897
-0.208260386109549,-6.54335471347707
-2.7549255499898,3.10093308356695
-1.24936219579994,0.116274893921627
-2.79440913879491,-1.70397891197524
-4.18425813441384,0.616775354939066
-1.03428478663393,2.79012769940987
-7.10088142748728,-5.24110217595585
-0.552707120110078,1.29116679753158
0.969399892744,-1.20597878606226
-2.04210450706847,0.607731980133973
-1.42051137232325,1.24886591743827
-2.86987338285204,-7.78635968403188
-0.76203763739524,-1.40342779632439
-1.36483713801416,-0.565110180112182
-0.489187711224797,1.37838371167079
-3.32021576675013,0.986732688437484
-1.24213527568898,-0.308612675195245
2.98082623581807,-1.18167198326694
-2.70130733315337,-7.02346754670686
2.00559780742366,2.68364765626031
3.80902939516224,-1.3672437690163
-5.56784088603099,0.998769783014094
-5.1296149450408,0.116256406308969
-2.5340689860773,0.886156548683152
-2.7305649449534,-7.79621720523807
-3.36495619022923,-7.51371247416991
-0.923103135257953,-1.46435297682641
-1.27129585904656,-7.46312895717843
-5.34173480922301,-7.34091122026419
-0.575674958946796,0.184992216268716
2.14109413547137,2.78280607904224
-1.02309267417901,-1.43768442360047
-0.0203100419975564,1.71333065248775
-6.50044251184427,0.469464823396997
9.18281292659573,3.72466910429714
-6.40806743978267,-9.8133197729346
-2.79917126290299,1.5564788131751
2.41356719462694,2.19472005889641
-3.94577126135698,-2.94967395200116
-5.670169522281,-4.11326963842173
2.55901545820821,1.28880661199842
-4.34920377971224,-6.84851287884043
0.902013548345669,0.402258788766157
-1.316723556268,2.3445282017573
1.54795192657032,1.93124762171029
0.291330882756479,-0.357063409067323
6.59730857977535,1.20915998499089
-4.87433394046804,1.41950959444615
-4.50406221089382,1.19832387384154
-2.96912792397307,-0.776372054859282
-2.07568239392733,-0.244389406737063
-3.936990793957,-8.12538392084733
3.19231435251455,-3.2406444009285
-3.00869504893685,-0.0744536633786698
-2.61056999308976,0.873783100758493
-5.67350771655142,1.15129593881692
-2.10849524734403,-7.28648979331164
-2.87469241316671,0.876688283733541
-3.24563517534129,-0.366079915383321
-3.23693680810249,0.827049789947282
-4.33070163094322,0.31794721169582
-1.62839520904875,1.82600776824354
-1.2939220959805,-1.31253655796628
-4.99281195905654,-4.01732112587155
-1.19330000971419,1.7850858238158
4.00798454826002,0.866052258480911
-1.85769673370764,3.56020546225422
-1.05942109167077,-0.0636138614668165
1.50908015646926,-2.3870271856708
6.75887134318912,0.417445231952919
-4.22153199272303,-6.01788284964484
-3.1160298790997,1.08481727523892
3.19177786396517,1.74192947933248
-2.91225632180706,-0.511121339130102
-4.51754066691865,-6.09174241947481
6.72132528877034,0.815527469604065
-2.95100339531122,1.35963712526082
-3.28335451410304,-2.21140386728315
4.13214512977404,1.00349114361441
0.964224669907984,-1.11987697788701
-1.62655605043547,2.42281267363933
-1.51524211131327,2.37172487599859
-2.32022979093694,0.673052217356907
4.51588183833349,0.734789492780663
-0.925020884339012,2.11802641755051
4.98208890302214,0.00674743199482131
-3.05287751702053,-7.65006615471037
-4.10401573103884,-2.41532532878047
3.41324777783502,2.40936762178513
3.81664740237344,1.11968775006945
-5.2436843414095,0.292093607249171
5.78422401086268,-1.04198243263644
-5.77338340900794,0.636377631340082
-3.89849705448984,-9.17744648593688
-2.44285777243574,-0.61078285770715
0.823660430976237,-0.693213879116286
-3.11612462125692,-0.777240299437003
-5.79360508388074,0.871720661467229
-1.12766489466905,0.166702167328943
3.71337862882481,1.19683644565728
-1.9440280418764,0.116390705773323
4.00840894159367,1.07777478382586
-2.50730150307224,0.1824746047276
-5.9030076951771,1.24574976902404
-3.06098290585732,-0.890532124830001
2.56506451772033,-0.461391593645048
-2.65974853504401,1.87980314999126
-4.14829884482381,-8.5254409063316
-1.52608356990774,0.0351468215502295
-3.025236105231,-6.31953303583316
5.26836709276789,-1.21855124184264
-0.138144859293909,-0.504188662413893
-3.01430686488611,-2.33657400350401
-3.29677095237021,-7.01415489444461
-0.709902577931916,0.198745766377066
-1.92400164545436,0.744208432917713
-1.78510223172042,1.82036144643718
-0.324472095378266,-0.230930929096453
-0.0581117358057579,0.530018205825196
7.10910857395675,-2.24770726467803
-3.59867975851912,0.574875686948981
-4.7305275733195,-6.6235458944229
-3.37764496988835,3.49166236295029
1.44046484572559,3.63274720513388
-5.06561263636684,1.03292368940878
-0.846809597496149,2.18375105475292
-0.649547036124319,1.76559149972239
-1.3157439707919,0.528954296438943
-3.64611493178294,-0.465291925821695
-3.32279611869809,0.836125691497355
-1.44301410750405,2.53702811368431
-2.00374623497878,0.150044671382178
-2.14542454864715,2.12160425444104
-5.88706395661445,0.758412333593047
-3.49670261979003,0.470144222028904
-5.43538641427268,0.624183453362926
-3.53240508618049,0.2942667425362
-1.11604549947992,0.180624794755185
-0.347581807312152,1.52775535543206
-1.1911252804207,1.23812795800073
-7.82248760783085,-2.00005563562029
-1.16404541810507,-0.424678438359194
0.0764938727895563,1.68209435170074
3.81188393971051,0.735340526953053
7.05055877353115,0.948162778523128
0.0486787409606068,1.22981594232289
-4.75673875404338,-9.61526061778832
-1.40182322294106,2.50357433340078
-3.15055341600814,1.05618438008257
5.84567524650535,-0.955570421966942
-4.6700955653785,-4.25626890455974
-4.07142277142883,0.881393019977058
4.05417594566839,0.886169532409116
-3.21364142413003,1.04878871184614
-5.95215695079737,-5.81789252915338
-3.32058186457733,-7.19849388773826
-2.06254138196896,0.768862604826045
-2.73196711324144,3.74164251776423
0.924124293844452,-0.494424198953313
5.77362030291614,0.207984770812007
-6.35726622136223,0.902497748431776
-1.57272696490907,-0.564134132606379
-6.1860964239021,-2.63647682075354
-1.83991514460231,2.69833050385197
2.54336250044347,1.05757749663924
-4.79373395972482,0.326300625914818
-6.16613752732644,0.332060938032557
-2.35028127709231,0.881446505134285
-2.22628425547819,1.24963520122611
-4.58839150823363,-4.82527389653377
-3.47705013952806,-2.22196547774631
-3.44811622863494,-2.68585903275086
-2.89278134297764,2.19412067821575
-1.35941025510158,1.63796360865906
-3.10389133710085,0.521435449706017
-2.91697072605142,-1.92246670081474
-3.03568560144241,-0.478188446256341
-1.27785352525427,2.04104784062956
-2.13052978483818,-0.00274098514987342
-3.32456539358112,0.344024273060237
-4.04634017587354,0.443039784737502
-4.9201047308862,-5.0941913279676
-4.30887614084346,0.207181829396194
-3.10757494164786,-7.10010543862715
-1.22067034714151,1.90804179883439
-1.88422459369372,3.17712782673204
-0.574661524506114,-0.218115845440756
-5.62444788962851,1.14522610673053
1.69796594635235,4.93769764226697
-1.98305638759303,-0.147126841990435
-5.61717030249482,0.561955132610452
-5.04321698453901,-3.64609287074766
5.28404070643807,0.0293541965689588
-0.970464301079324,-7.09287593246044
-3.85041646452717,-7.57484416018343
4.07882377587669,-2.6937756308455
-3.40198372378232,-4.64843526166717
-2.11650996878639,0.175134713548245
6.78300343166085,0.864888933670376
-2.55076601095493,-1.752281164457
-3.14917887690646,-7.10530898228818
-1.63069411116745,2.73026282909254
-1.76645959668501,0.482860473627219
-2.38019627180187,-1.60846526548817
-5.85519268433826,-3.17476002038835
-3.94617924222578,0.0508362106223194
4.87329648401451,0.114790324989087
6.15003339954229,-1.37356066604402
-1.93564752305143,0.561967383505553
-2.92097095973863,-4.20649796014938
-3.17548251068966,-7.3604404213716
-4.39497365284158,-8.43054115061534
5.99693721977415,1.18127323255281
-1.0965681899747,0.0204555362027069
-3.83755413944584,-5.90900103745899
-1.90703964003692,0.672644871309649
-4.84378771557513,1.1570394966322
-5.00645814863284,0.723247833390935
-3.13267129479395,-8.13780863413258
-5.39072976188173,-1.35065155850662
-2.72019307643461,-3.2056348147433
-2.15484990085218,0.376574855725205
-2.74674794178932,2.15097492906061
-3.31135780024218,-7.33510215636775
-2.38973450228484,-1.65296045944554
5.81416812987857,-0.97239829966973
2.30503977151367,-1.70058179461705
-2.66493339286422,-2.16238132749514
1.83125772037638,0.9765633937011
1.5065862630747,2.28000017358189
-2.78806328752497,-8.16179324866253
-4.24062967842241,-6.81080696532731
-2.44453110820352,-1.99886393729638
-2.1421612717132,-0.599143683134891
-3.02482472950233,1.46602445663934
-1.60855425570005,2.26213031600489
-3.22374784164389,0.671357668703653
1.50681242431099,0.793348938000741
-6.75141314423683,0.565418189601523
-2.35782146116183,-6.47008840129086
-2.23018420472952,0.74194938534386
-1.84558125969136,2.77807869777325
-0.0626756143967752,1.53099332097971
4.40089669634397,1.3388218619629
-0.65891775575826,-0.801245220575804
-4.28919495074569,0.289183369866969
2.7188698763985,2.40660530547227
-3.12395815773697,-5.77038942846847
-3.67706829153499,0.492594353873046
1.74618013447244,0.811749302348849
1.83202799042272,2.31080268852125
7.43555166600848,2.47300319695561
-2.64523848094686,-2.33907580620475
-1.13095994345588,-7.94128519378813
-4.85211007338901,-9.55002936880185
-1.19821808974928,-7.77984501887053
3.54457024155001,1.52454637620885
3.57240097197181,8.68206980216128
-3.00782538103414,-7.3667541591142
-2.76031679331134,0.994783796904022
-1.68897472516859,1.67927549084586
-3.00714035477107,-5.08439423173976
0.594541139496586,1.74389072700273
-2.22701802146569,2.2512683921483
-2.65859674026975,-7.39280289161944
-2.95259500306734,0.206624982273437
-3.05828023432967,3.05499904592264
-1.08496489337835,1.80409926667333
-1.6677896283057,1.35346851867234
-6.3914992509605,0.615383121220922
-3.81087005521607,-8.2348306715286
-5.53786737578416,0.828297760015641
0.0729056097380236,0.0347916285671511
-1.53161788643769,-6.85112166813729
-3.65316932657888,1.54355130545597
-0.444582980890153,-0.497342481044269
-4.28910461567506,0.506328368770831
-0.573219994369898,1.97807346425312
-4.4109096610074,1.01707931298828
-3.04818572780665,-7.80004995796485
4.9569952984105,-0.109084496308982
4.01946755914614,1.05953817108451
-5.64978933259168,0.271722341374516
-3.71767380289458,-7.06950308438218
-3.15578754695624,2.61456602110906
-0.588047740381424,-5.35632385818996
1.43188473144462,-0.114588812786571
-1.64970743666826,-0.410269785412397
-0.483956699677627,1.2728390038111
-4.53141762883275,0.0190421906411001
-0.875949028890812,1.38832760386931
-3.77850658736244,-0.32033713054978
-2.63987396891786,-7.37289050270857
0.0194096227722284,-5.83233446726691
0.358597616423732,2.5883148163517
-1.84336945128811,0.44106827613969
-2.36651178131072,-1.66636511698568
-2.67225609799173,-2.6001105291581
-2.2209020989805,-7.26639224664978
2.59154122772722,-0.917903655644071
-0.437151466804242,2.12296377737091
-4.45488891903086,0.477404538351714
-2.26855773882772,0.591033992713288
-1.01118350929622,-0.947181585220055
-3.04782191746746,1.53800269369773
-3.93833154099023,2.04192898203088
2.17165193065852,1.02435102469439
-5.12813308142237,-1.96487471614041
-3.88817002500935,-5.76737080827118
-2.63204179421146,2.9962347622248
-5.50027872255835,-5.04368007535911
-0.733240642075963,-0.20112364929268
-0.460101390888185,-0.869855825248484
0.266029288035175,0.361650985208551
-1.85259532392149,1.23696664420088
4.01573779978239,1.06365654860615
-4.94040579299038,0.304756924902742
-0.68099777990579,1.68523250956578
2.35728691055978,1.26318933145247
-1.96960090462722,-7.23125220462591
-0.391447994388384,1.20761494200635
0.348849506112705,1.89768989745634
-2.58453881058814,3.36941208800696
-0.941824382068771,-6.28765758824268
-3.9458061521278,-7.15324228092848
3.76138227346708,1.26845652676781
-2.48056240382038,-7.78104699551428
2.79363738634243,-3.61027412795308
-4.18511471789291,-6.84886522368762
-4.76508847678828,0.267986751042163
-4.13028760259396,-1.83365994849715
-3.58800332956902,0.215642257353148
-4.9511210287264,0.87803383728741
-4.39363338394324,0.39935709224929
-4.24232618914818,-7.28828739595985
-4.4504406155648,-5.15602376140812
0.149106974573277,-0.242216953151203
-3.25019919774125,0.635580777582914
-2.74877501387512,0.685380141099474
-2.31344216812254,-8.66646651713566
-3.64631308795669,0.31269231115152
-4.53505036028147,-9.00160867169382
-1.07556776030412,2.03329328029467
-2.36220434322547,0.893753600569375
-0.371652861182788,1.53308999238668
-2.75594559105731,-7.53117109500915
-0.61712036229012,1.54307743922376
-6.00388813674259,-10.0586462176795
-4.21526585825974,1.91935480439081
-6.03169068076109,0.888397571605149
-2.62144715642039,-2.18320530969211
-2.97857718998823,0.0891893965217256
1.85870166337307,2.88523979212838
1.02879860661773,0.598367703445271
-3.07308387910348,-8.759803520745
-2.77692429442749,-3.505676914264
-2.62186076984963,0.595171859484558
1.70655753629682,5.41916496820341
4.83788430252022,-1.28964292505074
0.65924780171017,-1.14093767901275
-3.61721750695465,0.346590234285227
-2.26079677496661,0.264114435354394
-5.64812054178242,1.01883323092995
1.73844613198353,-3.33920182874947
-5.21415841828026,3.0835506321235
2.85339136248724,-0.450807032697924
-5.67887726548298,-9.55125600591978
-4.49328226092673,1.06051300306808
-3.20116145997689,0.89483599784295
-2.03284489627316,-0.566225635147449
2.51910761576249,3.67774649543091
-5.08691171865495,-4.39793757340707
-4.41445113483419,1.28154762798964
-1.70318544587836,0.51831079874243
3.86219335894245,1.11692959948071
-3.81374854412172,0.853697730721655
-5.86900318511489,1.02944491772355
-5.02461087641892,2.09695627725795
-2.70713111111455,-3.0433371152512
-6.52676252878923,-3.49184184414686
-4.41063354376522,0.0680286408101968
-1.75756812282331,1.70358893552482
-4.32148983545666,0.486726300818042
-2.13222228842417,1.92856633779384
-4.12872400728091,-6.17219950148118
-9.27963583502713,1.75397107799801
3.34410871722849,1.6073965357525
-0.281435679506117,0.576008532334473
-4.73478620434779,-0.184365914354689
-1.07082050634717,-1.09899102589478
-3.03624379002511,0.80094736110083
3.62472290840858,1.40901083835166
-4.1462815123593,-7.66946285752061
7.07194965060354,0.864597716849705
-4.76224147982679,3.15632507740524
-2.89516487522483,-4.2894289533255
-2.47528240144345,0.203391865624944
-5.81602482657765,0.751388473770838
-1.38723402840859,-0.353451521087435
-5.03760445625113,1.20029232434757
2.74720825140206,2.31733214897091
5.1726618755382,-0.0476240276156685
-1.7608146271572,1.43885697975005
0.457827577973217,0.77698943978468
2.05341798970182,0.488459395378605
0.375348682541766,-4.93196823011521
1.45747641238091,2.30980290350269
1.47067061872275,-1.65826418096233
6.04835283241807,0.635829305591187
-4.50598475800427,0.228917197220495
-3.38356303365551,-2.258851504255
-2.19539117295298,0.232194143221096
-0.61945346564086,-0.718780761670423
-3.6935390460974,-1.91471055773386
-4.29002020290056,0.691643126680926
0.25811287768605,-4.65841666097575
-2.25165880516275,1.48512435382174
-5.13123213093586,0.590165019505583
-2.09638513644094,2.70387865476133
-4.7135933840511,0.606054117382892
-0.581479057165818,0.846868748571466
-2.44207937995808,0.238218801473749
-3.71666037675927,-7.0771440361104
4.51198940434432,-2.22962163284399
-1.87233532989106,1.42490632861257
2.97355416164463,1.10223281604933
-3.72378129792538,-9.94939857765411
3.14321426295384,-0.751553235196944
-5.72830553234473,-5.39547685050296
-4.35792311651816,0.433230255152608
-1.27235567473506,0.504703431386924
-4.12666404689178,-0.223542709368204
-1.14749496593004,0.843257980293417
-5.08020219104515,0.63293347440448
4.37807776875967,1.26636615221891
0.15028326710828,0.856898964821589
4.32723859058627,0.998690206033728
-3.6844142852921,-0.139085056428792
4.31498494211779,0.530154939010911
-0.576967618690183,1.98376123807365
1.94110518125962,1.0691549673253
-3.95792255119019,1.74872626208925
-0.622839327949888,-0.874252492288167
5.11104265641925,-0.9365260992313
-2.54848969172662,0.0507558831130858
-4.03813102515683,0.427071384164126
3.85417083264314,0.994034733596413
5.6670091232301,0.286481323955379
-2.22074324380642,2.27247201838707
2.52303105667501,0.634772334810641
-6.56254808418326,-4.5464339045111
-2.49730235523,-2.03235436500869
-2.70806146039324,0.746334960982252
-3.63781794330928,-5.55916271177841
-2.12977029168301,0.557886817364073
4.14025867534878,1.0944270496123
0.776262290855149,0.106635204838929
-4.30385237745272,0.0871479328571624
0.161821835118595,0.391718515837511
-4.01204996497232,0.757049752420088
-5.03711898138732,-1.17150809416152
-2.23636091063742,0.991701461893002
-3.3752072719206,1.40454306430492
-2.87716429727463,-6.15385291114382
-2.10993990180286,-0.407140779606802
1.35161182130874,0.473116076039693
-4.96875877612749,-4.4621002736563
2.09451186020989,-1.2987559753356
-3.48525694114729,3.32402816170592
-4.43984134089092,0.779689537532468
-0.434662374445252,-0.46342543090495
-5.68834890453178,-4.97753120547487
-1.65909085463286,0.031274927794641
-2.37977187836757,-1.49334441988256
-5.53419354381859,-3.54450168837695
-3.48793259847957,3.81378169384604
-1.51410393440577,-0.634355420036916
-3.52483874643169,-8.93938316548222
-2.59447205938944,0.870298713367447
-4.76344379734287,0.691760939290769
-1.24798928971044,-5.40512966677104
-1.13848672833443,-0.504342231929674
-4.66256662452198,1.31499712616903
-7.0853908546427,1.22114467225134
-4.5993721661829,0.0791549239965827
-3.08508002373037,0.581215299010857
7.2037341606216,0.766440361123492
-3.25181923889137,-8.03390007333502
5.22638522415935,-1.07506199811117
-3.83091124317827,3.27021296470115
4.47783220372645,-1.10297812597288
-2.48062020473373,0.935377582238128
-2.9056215836779,1.08595275197641
-6.64912940865028,1.21836672962007
-1.70020836024855,0.372877214857698
-2.84851856190188,-8.76733272632995
-5.82720669700037,1.49122772348397
-3.79283772429636,0.920529974475869
-2.57471649850628,0.221868312091606
-2.78922407231576,-3.49853609724701
-3.04487329646221,3.92100416110368
-4.26368888976274,0.811729811815506
-4.53432857614947,-7.62495837133498
-0.00585157785459089,0.258533195196095
-1.76151763184933,1.64196532908174
-5.25603552558079,-1.02669254156361
-6.40778928511095,-4.54446571453665
-3.3193829929985,1.0545329439265
-5.63553101496094,-5.4083237129478
-3.80566579883069,-8.49487156055066
5.97430516508268,0.659656650335344
-0.435561403227377,1.27504533900703
-2.52569897668864,-0.164424639773647
-5.42450567102729,-6.34054345846847
-3.17565337446493,-7.52155105358361
2.44743083546265,0.384075835717528
-4.16480240139214,-4.96621952198025
-2.23526314829425,-0.44617013080683
3.91889841091702,4.9599794627319
-1.20618014650213,2.54541310291213
-3.55239548604997,-8.05713621788272
-4.16179401719403,0.242775690488454
-3.57498036753952,2.00135589010263
-2.57468092217065,-2.02897262590539
-5.74167046944958,1.06790180707599
-0.547455495288545,-0.279847617324877
-4.26370407663959,-2.2078564088921
-1.14790107371189,0.808530837156637
1.55540094684846,-1.91237597424795
-4.15540111602384,-5.89509126200474
-3.48196304717904,-0.40811234434713
-2.78544642317206,0.336763855047649
2.68604882670588,2.1439933256065
-3.58526529131259,0.689663357682041
-0.486956363658855,1.11686097741638
4.36799021725016,3.14796263502643
-4.5595305901929,0.441988354718311
4.0664865650849,-0.703575670522525
-4.5730339084844,-8.48025419135822
-3.42510086306738,-7.98939773458783
-2.24524462130414,-0.613139286684104
-5.72755783416111,0.504407341589239
-2.43362038967303,3.30350924881926
-5.35336581805297,0.340694713267991
-1.63637481249319,-0.918760725945133
-7.93131802994561,1.69893857197481
-4.03743812456203,-7.1158969698621
-2.38853142466351,0.141938500130451
1.77241333690869,6.64551652641955
-1.80815203309955,1.53730953639427
5.61079239809977,-0.0761414099894629
-5.29651807621046,2.75660926460105
1.5429188378382,0.264979359347513
-2.07158899181731,-1.56077903198194
-2.46165017118948,-1.23202253226159
-1.04028123735801,1.99828075879588
-0.765016577093374,1.89760241364669
-3.55333555843588,1.42437505525047
6.12318973647714,-0.903516510843813
2.91939383014826,-1.31608782646832
-3.05473799337715,-7.12187633602867
2.74496463571618,2.13704461024671
1.33242969560425,5.71266038422345
-4.42321154938372,1.06916127213944
2.50678963983051,-0.343283839333531
0.320028114952556,0.31032929703323
-2.73833974522122,-6.65652983238891
-3.96225373682241,0.107422684218889
-1.10072360809128,2.4098317516755
3.27481302208367,1.74421086280377
-3.41829727403432,1.32179329853984
-1.01343905512527,-1.33100695991221
-1.6636133830929,2.31051875760225
-0.591232528694569,0.328292901126979
-4.94633929836722,-0.211914479609955
-2.56944746480488,-2.28207595298463
-2.90780020156765,2.05237411766605
0.345578620407864,-1.27415084609593
-4.34310390332053,0.140121977245133
-2.40142269924978,0.464989166979584
-3.26717259460412,-0.447531052038184
-1.63274533863906,0.275710434573087
1.23096313432125,1.01257858677558
4.88054484445497,0.918401347245494
-1.07452817995207,2.39467040946064
-1.02010923086815,2.45192617376803
-8.50812470814408,1.20031375497755
-5.4004560379206,-7.51232471216843
-3.19250730295754,-1.83097047947173
9.59323536438199,3.60631582353658
6.76829820575259,0.623759047318295
4.20027268351336,0.624733050727887
-2.61879389049256,-2.45115361052158
-2.95426187290517,-2.66985086251983
5.57679383011634,-1.02318653606248
5.27556128879013,-1.07679784099958
-5.05969589574016,-2.61520582347033
-3.13188406365662,-0.897983854510739
-2.76086476873472,-5.75420968692229
-2.49604816626223,-1.4177160489924
2.45193565215698,2.33288972017952
-2.14211478138654,1.10245608073475
0.519443486199422,0.490343494288522
2.6731264562644,3.45408205799966
2.04501088387359,2.95889786041243
-6.38727884401506,-2.37981067333327
-1.15840299666614,-0.349669815504699
-3.62640663151898,0.472503660277413
-1.59231214137542,-1.48956276035289
-5.14048707713369,0.839084980031598
-5.55488130101427,1.15183835173837
-3.20579825256852,-1.16700007616902
-3.59291301581997,-2.34904893210857
-4.75847698238388,0.636982497360415
5.57111048461271,-0.184436953588886
-2.38239737026056,-8.42553142840738
-2.19269066721936,-1.61056913949853
-4.71820852649942,-8.07549651051498
-3.0790023222377,-6.58478762179812
-0.404392824859537,-0.634432459755119
4.66895068162548,0.589392570498488
-4.34703143570522,1.10319657600196
-3.22152035033146,-6.59856073726572
-4.74485919180782,0.215233875442478
-0.961859126932271,1.18909869450721
0.171335804787626,1.47865235892095
3.51868587344981,0.695407116748188
-0.474027902984471,0.649384319021045
5.85845243647467,-0.0507986319887789
6.82937988455605,1.24119713945892
-1.58654870028441,-0.826195562895712
4.66781363904533,0.369134241474245
-3.84292142978112,-8.81507054295035
-6.66977259119462,0.144833775647986
-1.56702818180716,2.1000005989878
-3.92341000326552,1.12373531085447
-4.7425370211853,1.55089835078487
5.08189001927604,-0.320406504742914
1.12175426112193,1.36933277954712
-2.63873925255989,0.703996890665781
-1.41337338005725,2.27472819655141
-6.43031395098648,-1.61711763808725
1.73238460375374,8.76812668795412
1.80946658401647,-2.81346641812727
2.15123059963649,2.02071345896082
-3.12374291728178,0.830491864000774
0.661222164930234,4.41611337775738
-4.51727989375212,1.50438652401975
-0.18862901408364,-0.831948786611211
5.10776894241892,-1.51518092906675
-6.32359673934196,-7.26390343570353
-2.68158867690284,-3.08729359971633
-3.0050601936102,-5.07964198953191
-2.384552403802,0.49046893458219
-4.12950427808722,-8.10176383471069
-1.56298285197164,-7.78587983592672
-3.97589061220645,0.380373781761175
-3.37649501874405,-6.28726788479628
-3.09020571409696,1.22833252637906
-3.97876489631355,0.755025326296096
-2.98732546645707,-2.48976530248636
-1.14410665789118,-1.55340233289771
-2.91168786872848,-0.114887063324918
-3.52624797379177,1.21636822709111
3.08759892326479,5.02183489855251
1.42813937200146,0.685122197581057
-1.29688481866258,2.41250244366649
-0.23984475681236,1.95609018547037
-5.41653344481674,-5.53090465193846
-2.57880364012097,-1.63414128246898
-5.95518591612958,1.80377227987002
-3.39919909464756,-7.46572572234136
-0.0093620981705993,3.55363195701756
-2.81592387709437,-8.68937771444062
0.350247945120925,-0.638197315713597
-2.40442471254289,-1.72787717237232
-6.77359917966186,1.09995248775762
3.28549435655292,0.314914033237243
-4.37324412191933,-0.252731216537007
-1.03599082113765,2.75022741901653
0.767597530092034,-5.31256216380242
-0.639425438271563,-0.608346725803513
-4.09065774836817,1.61523376467187
7.65055952445632,0.623197444379405
-0.343603572389373,1.62845120821937
-7.12011797852069,-5.00751729346935
-2.58898000929775,-1.6382382183303
-3.49530661270758,0.187981918028751
-3.11081937616721,0.860354921049524
-6.58883158839627,0.575685536413163
5.03444868625145,2.80178711639958
-0.957684180587097,2.65758840331672
-0.396667876165696,1.56838083305995
1.77957565303952,2.59790464087625
2.63428785463959,9.69280128389925
-3.41033534358261,2.83174046092047
-2.37744726609816,-0.353757908511417
-4.61507070154205,0.506455379727375
-1.04996448629065,-0.846363105287437
-0.356499139979815,2.13465250620386
-1.984777092667,1.41729115818542
-2.12055698163863,-0.259462198669957
-3.99140611048862,-6.4970028470306
1.30533933777454,2.59203267541281
-1.32727099120036,1.60477008058198
-7.21659918895074,-2.41204458889647
-0.122327447850514,-0.342690824170426
-1.40694811345419,2.12600664981333
-3.07179424729336,-2.21958685608871
4.42704676754043,0.594320555425462
5.12802163706711,-0.605224675111034
-3.79647732100309,0.817588571531693
-0.427688741133562,0.178775278360902
-4.31777068306497,0.121100457310024
-1.81387156971369,-0.516902621102149
0.130556104911485,-1.52241345288054
-7.42232475720028,-2.07955929826186
-6.43169105560232,0.0369328254110289
-1.9951324713949,-0.819080934099093
-4.42581919283134,-2.2379450674981
-2.92126030818999,-4.30156703775327
4.75868345329868,-0.581015929866463
-3.49325667625839,0.81382099804798
-3.06268919291296,-0.613352267517607
-4.12276353661208,-7.39955222248463
-3.33620552242454,-2.061801941872
-2.01570497968177,1.827125548848
-5.80652718292424,-4.46578716865289
-0.22407994503661,-0.606815860470278
6.4650329173758,-1.5104369915401
-4.09113431718427,1.60294432472082
4.96566429327241,-1.13781851405277
-0.309814748872513,-0.494323232679801
-6.42780935780166,-3.04062394782155
-1.72078352015894,1.93579691134086
-3.21321025016121,-1.42039065944757
-2.62042835630997,1.45272500772249
5.2280710220972,-0.0843681534740246
-0.776054459485481,0.00178556280385311
4.73499294300291,0.396501566189198
-1.94259609364935,-1.29315900420794
-1.38578622730952,2.69466765318688
-3.21036126636744,1.17820457253197
-1.87968762064281,2.13364138603036
-3.98476690031277,0.0798827056026806
-2.92779157933591,-7.75562830702941
-4.49055917742913,1.05665251799439
-3.39683790901455,-7.62700449044749
-3.98806652809682,0.804716040065043
-2.19339185426181,-7.29540643109871
-2.91161392873942,-7.9847183583317
-5.28168128565522,-3.9922658605696
-8.30393471249956,0.454168266998959
3.28160284811621,1.63376117013652
5.59450995873981,-0.093178399460058
0.289086028396225,-0.61467242787977
-1.82028556670534,-0.903570513893186
4.60676856932117,-1.74067257819229
-1.0679993919719,2.05831299049172
-2.61913888104877,-7.80247129939393
0.118160728643929,1.35665552167642
3.36521388580707,-0.532568254027189
-1.32798788986828,-0.153463806099952
-1.16775854747445,2.47608831076868
-2.59891963701156,-0.298073825234588
-2.74704283468241,-3.26389186617562
-4.52217956697136,-5.06064753717162
-0.130148682514215,3.38134794076748
-3.73347353011278,-6.36181306417113
0.0319227322560414,0.994707104762912
-5.70078011360961,-3.3532336091441
-3.43998940819967,0.663328661425359
-2.4646129551389,-8.47975310335714
-3.11073250659995,-6.35343090473413
4.01814967769344,0.935153136364104
0.203620880607217,-0.298097773528094
4.10036410887712,0.9887321842797
-4.39368733105187,-7.52115790033153
-3.15467436772604,-2.14553706047442
-3.96720455106963,-5.21242443278186
1.35932434915855,1.30285129594301
-1.90254380907415,2.89883413786855
-5.07869035716343,1.13524817024305
-4.56195954560896,-8.46376163037242
1.33994832346991,3.89557605553435
-3.09354032460325,2.34828526957422
-2.11916678960652,-1.10070031452882
-4.02082187606341,-0.443994304771923
-3.08246863131006,-8.38973279658594
-2.70618293044284,-3.00228520597087
-3.41067971111827,-0.127436669117316
2.63734696170364,2.95999609186716
1.42576804857966,-0.0655568337834576
-4.83559008155576,0.254354738574375
0.216049988762188,-0.961453146021225
-4.44364799695426,-5.95962690729601
-5.29393083574077,-3.53320723717096
-3.97978375301034,0.464133065450641
-2.77385882366976,-1.0904285315454
-3.78630474084932,-7.58877427330644
-4.70822146262255,-6.35040958603406
-5.90789056885809,-5.45193903833536
2.40910710734263,3.26107612611026
1.41049065943835,-4.07302184060092
3.87654605160016,1.2830212032975
-4.15162116317515,0.573619130863078
0.906710244710881,-0.932352140818052
-5.31554647668179,-4.9975609364805
-1.84908127576095,-0.382458622307283
-2.29948685572366,-0.0260118122916818
-0.851072757501785,0.347165262362367
-0.142016082556255,1.82160280663389
-1.08208850221913,2.03669726522433
-3.14564495566139,-5.98531604458584
-2.76621675209981,-2.09031209242664
-2.82428806024064,-7.87222362389081
2.98916697366342,1.57002467163369
-1.17418501624,1.8324757709762
-4.54397579207674,-8.72510166998702
-3.99335119912355,0.158612948359285
0.884616177127501,1.52837281800626
-5.33437238214455,0.708542850427067
-2.78104458781804,-1.09477721617055
-2.86937214728444,-3.93167551599719
-4.53698819815104,1.10614012893709
-4.86646141819406,-4.64860294187874
-4.21720863585185,-0.849756095030418
-4.32469236243522,-8.02473116184604
-6.83806166373165,-3.65800699457133
6.4057141278052,-0.863996160631126
-4.39205026238384,0.140405008541559
0.282039149085656,1.15265429324228
-2.6213710739693,0.318956847193318
-0.242800118903582,-1.66055350821685
-4.24579187976209,-3.00273727826126
-6.74618551841679,-0.857261393730355
-3.76979850563946,0.429889544614575
4.83482035487452,0.0180546399315855
-3.95306019167966,1.05808627648506
-3.18047619108321,-6.30652459125233
-0.214202243410183,-0.328179817448531
2.70683605884176,0.249408076638899
-1.83138206850896,1.92132989393249
-1.02776409357206,2.11271269307424
4.67364290519983,-2.45058560947029
-4.71093383451069,0.162242204643425
-2.63659440130064,-8.55160435691178
-1.7284890503386,2.1863124136877
-6.70131234997457,-3.17107816698618
2.84727845402672,2.10043976514143
-7.00232575703719,0.582737182684721
-3.34098915621985,-5.07788048481056
-3.36959186859003,0.718100375299326
-1.97512950551749,-0.301899984221944
-0.958364931622906,-1.00896899103615
-2.59419980755231,-2.09679839481828
0.22993616551894,0.736627313667831
-2.70984830958796,-0.463758344434154
-2.2261851633778,-6.4526919776833
-4.3660469428257,-3.48329624050265
-3.10217291649176,0.468858547762783
-3.48170219491612,-0.373826484482994
-3.07087878116578,3.4909291566973
-5.79967890979698,1.7972067154316
1.32649437236632,-1.09105355194709
-3.85478143727626,-8.3625521004869
3.80989132771158,5.66884873693128
-4.9236061872194,-4.78160859479552
-3.98686551204372,1.30324110690862
-2.84028201601004,0.443819228760723
-2.1361592645954,0.25903873188301
-1.05655313093189,2.48373844382864
-3.55926052186427,0.158323821705004
-0.120266141117429,-0.535604478747839
-5.47730148902442,-5.42604795761585
-4.89347779200354,-5.45474600200111
5.2464628548632,-0.0287654040372062
-1.10962811409612,0.736470467381453
-4.95375968053937,-8.87578574433943
-2.72497091512785,-3.18374775437053
0.0888153342513885,1.32546518527158
-0.729608396671337,0.653476130856587
-1.52470034033409,2.37200023453761
0.451793745657468,7.47601823322515
-4.73323225444827,-3.96796191052664
0.14382895104156,0.925525883462244
-5.67713717848197,-2.20138945083108
-2.621067781786,-2.16811645968179
-6.31532547464146,-2.59946835837266
-4.48938080983358,0.532585003534774
-4.61671539408684,-0.0248962829601199
4.17179804753934,0.684989258060491
1.93741093046446,4.20966524296531
-0.612175217920597,-0.218847912435761
-4.57917235814262,-8.00967039281803
-1.09135040816387,2.01947775531385
-0.420979634253223,0.868382941690297
-1.25453207610385,2.29304767791738
-0.74176529688542,-1.27587663032095
-2.92930912976751,0.159781456804
-4.00184732128552,1.06964221119466
-0.138587562552738,1.07612702010211
-5.11071809087499,-8.85354317261528
-2.74980743588775,-3.23715859173486
2.86193169762462,1.90363029116919
-0.847823742831277,0.863381264160633
0.0344770471258238,5.4472712862419
-2.25694512616711,-0.275120436978387
-0.947356281981232,1.59842333286871
3.87994844986533,-2.080220578397
-2.31458066348313,-1.62537223188203
4.39500471938921,0.48411000628325
-2.89186859181241,0.0313308525988161
-4.24597287813284,1.02446278094594
2.79746930252835,2.13667138425996
-5.91345511317258,0.89207764169192
-4.58278194598584,-1.68984521934308
-1.75833049363605,2.52969313010474
2.08815731821554,3.88978837916112
2.67271545457469,1.54909243371719
-5.9554690297751,1.7073421233576
-3.09254569694254,3.80805522945593
-6.3759430106872,1.57730617655625
1.18244699721829,1.77752596326637
1.84568517028217,1.14534538738259
-0.631446524052599,1.87018827835
2.59395485137803,0.927327121140252
-3.4206558563585,-1.45970571243428
-7.68848916044728,-0.262014100346273
-2.79446970177473,-6.3855261712189
-3.83495594806457,-7.52505108714865
0.311524488999867,1.02280816885749
2.94165799245197,1.97574159977556
-6.41909112610394,1.2641283760549
-5.89513135943824,1.10416041405656
-2.04554634269069,-1.92401417940403
-3.99712212931479,-7.68903201367656
-0.890966908342083,-1.15897494060953
-1.41312306150809,2.71823602064355
2.36997818771443,1.15045564755981
5.83059403012101,0.517836850561606
-0.398668959810587,1.48426370679487
-5.8253974275269,0.544003109898363
-2.07545738178528,-1.65608148550497
5.72142398031142,-0.440811220929154
-2.49681091779393,0.0795637197326625
4.5155560419279,1.98356336650181
-0.788098720146395,0.588422142782967
-0.878937373739984,0.152307674058731
-2.96005551657706,-7.46417772661979
-3.18034900029947,-2.33387151765224
-3.03640140936172,-0.00672398717833733
-3.9977354594095,-9.05036419301107
-2.31700863286295,1.6933519629522
-1.17316124648031,2.15547501051968
0.154664785395494,1.98641945594629
-4.42668282190975,-0.318121099609149
-4.43753647597246,0.383259392951616
-3.78017501789032,-8.86882150254097
-4.8156253259302,-7.62939583801151
-1.60629302717711,-6.76239431368808
2.54079635762926,2.4172018999918
-2.38821060671123,-0.688604796579232
-2.76621052521312,-1.27175609135722
-6.27843144074912,0.626515586996243
-0.466267819847039,2.05455060877064
5.40783601127037,-0.760747663530685
-0.799166997559599,1.31851418378243
2.45775797021648,-0.0797181896252019
-1.79726195275149,1.97575156337418
-3.21501076938072,-2.00254789020699
-2.09832966723461,0.298476024375659
-4.82062843752033,0.320424434613084
5.34139071324419,-0.340794889637727
-2.14944851379587,0.201680134574557
-2.66840718895146,-2.69334970680489
-5.74136377851523,1.1311694913003
-1.87107527652313,-7.09628525920646
-2.43461316985456,0.984194440046833
8.95379223665823,1.31982447903728
-0.95041105297064,0.493953330036501
-3.20097001129046,-1.34969327646497
1.20490241456847,-0.822359306961238
-0.689592658656733,0.512883238182296
-0.930472990160512,-6.96170464078315
-4.53794615879649,0.972591305660481
-4.85512101320955,-6.28343277888661
-1.98824556275928,1.55601408852845
-3.80489493493739,-0.249524226435985
2.14956429223427,5.28838833491801
-2.64805811823979,-7.85952740911931
-6.1788222424572,0.823568184472538
-1.51291997815529,-1.01487753849581
-4.561653496436,0.833872291376096
-0.405353496992069,1.81122562071811
-1.96067955416562,1.0935284300957
-1.40964765717715,1.0056568188667
-1.80358685860997,2.13358459359195
-3.25991859410171,1.55427823277921
-0.419358821062914,1.15942064193265
-3.93631218887547,0.0535106113991021
-1.27759134564781,2.79952786720853
5.51975939704631,-0.238532460567853
-2.61192881956299,-2.09840006827028
6.16098566471919,0.0306094539897415
-4.74827261003137,0.124238770498501
-2.97581710523824,-1.26658359785682
-5.37134398418744,-4.53207703362599
2.50982097266855,1.02947433020294
-2.93069939164459,-4.45644546597471
4.729213469647,-0.948657713994066
-2.88004123503319,-0.356597574674372
-1.27576797829466,1.8397492332216
-2.67693748804543,-2.76352988360757
-3.3085513730589,-7.78613149888827
-1.43615546730453,-6.7898575498717
-4.96365892761135,-4.0705872397164
-6.84843592420303,1.22586554912713
4.49562770817203,-0.812413279665053
-3.45513817047973,0.434085204441929
-3.1775900784657,-6.13316907107035
-4.05217086337537,-8.7606507233825
-2.84173922492726,-8.16395963853731
-1.18210151555321,-7.49651947025923
-6.69148816848141,-2.64354749485913
-2.82042427119216,0.141015757616347
3.44861154932176,1.22227108256581
0.390840549110681,0.735574521485332
-3.98423856329758,-4.9313849621128
1.80327878642049,3.68680168779133
-2.95640292260881,0.442171161139648
-4.13623591951478,0.0102551105854436
-3.35046043803063,0.862984995567534
-3.54924710441208,-7.10795495580088
-2.68803713647294,-2.70676585109519
-2.10797359147942,-0.8514776095158
-2.47642817327563,-1.3732040622062
-2.12602791411746,0.317391974362424
-0.613824474443469,-1.39245636663519
-6.17385979790265,-5.13426321063483
-2.93543640491604,1.22598213217981
-2.2021980422814,1.34866638602193
-0.334070180536724,1.93830874021653
-3.85391219661952,0.410317531827156
-1.33141227986611,2.51306938236794
-5.31475696626513,0.909420295331944
-0.412228831706619,1.99623225564935
-2.9897515622441,0.589914343994533
3.54083579060517,-2.15236101897194
-0.831010446125211,-0.582974814940866
-2.71514213455172,-3.02354617979752
-0.532871837320993,2.02697604687097
-3.928956730403,0.847250387074792
-1.65678537413793,1.34439008454371
-2.79742360594193,-3.50550452158643
5.29484815308063,0.484096270842766
-5.34763097159888,-5.52430938293101
-5.25800991512567,1.35365364512056
-3.22001395905902,-6.56494865204562
-0.979817381899156,0.662433235972242
-1.49672231667634,1.99128783302657
-1.66184537758597,2.21202365556028
-2.42686207004238,0.278283259031129
-2.46740785251608,1.64188811508179
-1.39903090271358,-0.365012883083029
-5.61547708308748,-6.55794110351832
-0.408535276084812,-0.774858047923708
2.19977812460863,2.76328928793453
-1.85235026750071,-1.33913883839232
1.27266491332345,2.14586161003719
-3.4626230719134,-8.69147588324981
-2.50445378911916,-1.87500738285663
-1.25762900548025,-7.24964080060151
1.20234164722137,0.0951489180972733
-0.670359832004451,1.77587569028669
-3.29021296278688,-7.03178371144636
-1.97167655187488,-0.340031822504019
-2.77148706872274,-3.26362486601557
-0.636130478862514,0.59500423203336
-0.624172289055722,1.07435191324805
-3.34317924855355,3.40990921900956
3.10726249474596,-2.21627989668404
-4.34594448427924,-8.24567466046341
-0.391475016901544,1.28563583190594
-2.71883652291337,0.176542270174214
-0.777068325396478,0.324443731350068
-4.23340724341115,1.24293979714718
-4.65205109077793,-3.50335358305707
-4.48890251454378,0.91610184202801
-4.79105734845136,-6.55810430551942
-2.50956074689598,2.91819797013024
-1.72328493647467,-1.54361322725607
-5.36881732243604,-4.06006247068111
-2.30175229180986,1.48838084980304
-3.22076791383456,0.691333956883819
4.61109823184916,1.7867058200307
-3.82237730859406,-2.30776806805685
-4.4461316437668,1.76232778712385
-1.89815342392037,2.380963611709
8.03165957638579,2.66019384615296
5.24309022623362,0.968227476914222
-0.347945070789357,-1.75679645348787
-3.66663458185527,-6.88009449254504
-0.388912981034206,1.70550057866141
4.27843869771471,2.46136994747533
1.67107389784847,1.58307946034727
0.877816941570623,-4.6627320296826
1.87303027967802,6.12516845095145
-4.03796999427827,2.05886987056409
-5.10761436662933,-3.52987037585096
-3.54088584543406,0.581437073562801
-0.413955540306677,1.57724454787701
-3.52784462645538,4.92567996404302
-4.23987610034466,0.885513210733091
-3.53491507736033,1.07426588359826
-6.13426339723987,-2.7641145642832
-2.86669880120126,0.0215352837056727
-4.05308040862289,-4.17235161027923
2.62556097972752,1.30078016865431
4.98124480913136,4.86629135677947
0.394100259589882,-2.35690467728361
-2.54225329504184,2.3891742708563
-2.92637970865346,0.120441972212646
-4.15501931707134,-0.100986223653371
-6.26979608102299,1.25709903171615
5.78523354923098,0.760314304384418
1.15477177035085,2.60729631696038
-0.626189394124305,1.77544861543857
2.40792960949688,1.94685529894275
-0.69817763826006,1.62037365871551
-2.99979561098631,-1.77664300226987
-2.64351832990245,-2.48193493802747
1.56949524428319,2.80082054125466
-1.79010486711285,2.55323262886746
-3.3885832270884,-8.81539353667787
-2.64116745235865,0.202568911960103
-1.7285680975097,0.329831628045578
-4.00782039356023,-8.00594083572805
-5.70893234827727,0.82867511736158
-5.179006199418,-5.51045004837333
-1.59407204295598,-1.51255316474447
-3.04449041340041,-0.112197648307343
-3.76844415674604,-0.158020001550353
-3.15331203250814,0.467055208976657
1.46010558755418,-3.15476398596115
-2.83865994481552,-0.342621918380819
-5.91971411166445,0.77427914689626
-2.70794547054368,-7.13422684268165
-7.34102037384519,2.07894179531521
-0.733684671688007,-0.195329325332722
1.4154198014601,1.35485696504245
-4.4532478575071,-9.11935432488522
-4.45689541945373,-7.62549078688669
3.98270843096662,-2.19781159723802
-3.90963295455573,-7.50711687898077
-1.89839915290726,-0.586100930346945
-1.68126666821849,0.918850684599753
-2.55536153483053,0.761389590818838
-0.105125165458225,-0.878815168010771
-3.22009234806082,-8.94141415864211
4.04001389162067,9.15524061718629
-0.832226130305719,-0.0173044951478031
-3.06327423677734,-7.6176233786032
2.77988148473742,0.987906794799132
-2.78771799004955,-3.30407015247381
-3.56826636055267,-0.280511126930839
-2.84872404638375,-3.93236317021089
-1.18931936439745,1.27765676291445
-2.73558106898766,-0.390545773672151
-2.85016117381679,0.896216199620377
-1.97826395696231,-6.4602505651499
-1.8383291530903,-7.67027588560316
2.81507586173411,-4.64949101397537
-4.00394796880906,-7.82070323291284
1.74985012380501,3.84658760805568
-2.80413494890455,0.939220773047264
-4.9557499522956,0.468793619543703
7.52512578365138,1.45231209520486
-2.82076673198853,1.807795510733
1.08800263190351,1.63137085673839
-1.30402114334498,0.511947378912116
-4.09604149767688,2.03663065263517
-5.01550424418736,-8.21032717324675
-2.42451371528174,2.27900199379935
3.80677842054292,-2.4328733182282
-3.15956296091413,-6.07967310344039
5.66220243760395,0.114830087388028
-4.44353140971071,1.32357484167787
-0.493111135018926,1.35897258477673
-4.11271937962179,4.52642946296822
-2.22369945689128,-3.01198433813882
-3.73924275242635,-0.386751291453811
-4.61644608685109,0.0905939645449107
-3.90201237633244,0.535277139984689
-3.10346536543453,0.621593072584131
0.642175787601084,-2.38305342979401
1.06821935444648,-1.66875404778396
-7.26519352583839,0.912146234373449
-0.433207961889389,1.85272559552225
-6.63308530219159,0.0640589335726814
5.59050928222121,-0.502125927020557
-6.4868898668107,-4.78319202328229
-1.0391451771052,-1.37864449988164
-6.43723946809471,1.24495197388936
-4.27529007769666,-7.74725733832435
-2.84334360280481,-3.8687393097083
1.47038191260281,0.426154048350722
-2.31851024991986,-0.178929573078777
-4.40152204433464,0.399455092928199
-2.81309810769545,-7.743914037395
-0.847866434389843,-0.402244977023314
-2.60655415018087,1.5099590705489
0.584109660252902,-1.03041219711669
6.4795450645103,1.10767513615292
-3.74096929293145,-2.80911209298075
-1.51243461240709,1.48140206444712
5.91391709044196,1.49846959259228
-5.17754430971314,1.9589917632174
2.10473653145849,0.547746088582991
2.51981399131547,0.186174412789939
-2.1294367280639,-2.23134580169196
-2.59978100437174,-2.11673924929357
-1.37098605816561,0.137765692967857
-4.31492698838007,-0.775918740252872
-2.72473947642529,1.06287179221637
-7.52547113092734,1.13116101272404
-4.71326851049088,-5.71973158565661
-3.07737775656571,-6.45642081979527
-6.44623385242929,0.542738343457481
2.67652196531052,6.61217308739924
-1.99465774672882,-0.192171749580082
4.56290557905978,0.246313611849414
-5.7199068382695,0.706281695198122
-0.466733706153853,-7.60589228583775
4.49760547571551,0.909655226149522
-5.93734594436824,-4.21138426640024
-4.79664269024733,2.1258876125927
-6.83911897677298,-8.59590496908067
-0.729969945523302,1.75411674947893
-4.87459342476494,-4.64898574329199
-2.68006584372182,-2.36199817437792
-2.74466665173811,1.9469433575216
-2.9246883117351,-0.709642289287206
-4.80671238992978,0.640983299881309
-0.190458868401568,-5.47148137386842
-1.2748983935764,-0.424259523391979
-5.70733677863784,-3.51002084588433
-3.61242960856899,0.671290726009683
4.17854076450776,1.36275041785393
-1.80170659005972,2.94355337783907
-4.67205468609649,0.0184667182969185
-1.23833231157337,2.30587420800964
-3.26933472656474,-7.15285348136922
-1.63327075924125,-0.629808080004186
5.56148873523883,-0.270990864904604
2.90732147279627,-3.68438493316431
3.28110798232503,0.516709657538087
-2.67144229599871,-6.94960870308254
-3.61734285168628,-8.44549999634069
-2.66371227627839,-0.0110432742796849
-2.57073287452784,0.919464331244196
-2.76236175659363,-0.384782961761085
-2.39933637767616,0.534977938787612
-5.70240585170707,-4.91093874031121
-2.78830906921968,0.0931958628385688
-4.77125921899132,0.679969687061106
-0.589461358189456,2.49024008210402
-2.9656148532009,-0.25468750830735
-4.27668069609855,-0.251437297917855
-5.88271263690494,-9.19989758313912
2.58282595743289,-0.825112451495857
-1.48795181372763,-0.282128349649803
-2.77978951154602,1.34980521713346
-5.25653122511289,-5.23341327239274
7.82726591368817,1.29996050617798
-5.88390321142787,-2.95481903718716
0.168060943908122,1.73251063877277
-4.31721829975238,-6.11616454218614
-2.22707627522254,0.18848271880447
-3.16836355740641,0.136777316638268
-0.740533026868289,-1.59487388620731
-0.291985671200484,-0.658526697195426
-0.85708614220749,-0.612558834755055
6.9567692098455,1.07957940072808
3.22999626398384,2.95841034204999
-1.39219638927484,-6.58336537263864
-3.20354860533567,-1.36358202781101
3.97339357245624,1.25450015597183
-0.510618887063312,0.899654635522309
7.53619256605446,1.57746239993459
3.44330085795868,1.5375789988662
-1.48573912890971,-0.842593534141886
-1.11129098406327,0.143135434923042
-2.19623539065717,-0.533616900312279
-1.55437896361455,1.67781004956597
2.6777670565984,5.6419755897029
-1.65246794378349,1.32324133570267
-1.96439751426492,2.06451995536812
-3.74071816842329,-2.15609480086333
0.127588366912333,-1.26608946874303
-2.07480304893734,2.61764920261314
-4.60476980500341,-8.52773333680198
5.83281349087491,-0.748792053601935
-1.50348449374973,0.672261794283973
-1.83823537730214,0.11409284960315
-1.96418491340071,-0.11006343877746
-2.92299484323505,1.23441683962276
-4.30684110677542,-0.496955227991306
-1.88856736330981,-0.325219869733834
2.31647465379719,3.24483815472
-5.45421081319495,1.72847707251595
-3.56027827361757,-6.43471216379365
-3.29725686412241,2.79595879084893
-1.47072727993014,2.03280524829052
-4.2553364315823,3.79122845695622
-1.72332189437901,2.70999923992348
0.968987328827923,-0.120863798096788
5.47078957471196,-0.579543746937784
-3.42929157824726,-7.94803387655187
-2.10743770152959,1.87188672732815
-4.88213569861013,-3.38783340330394
-3.21139003013079,-6.57945966012575
-2.02578913179665,-6.06537289924225
-4.97985257503353,1.43531829994745
-0.988113296780584,2.25672424695726
-1.72697746331901,0.191583849456936
-5.34608240606703,0.838668203450031
-0.202881500451968,1.25753533031206
-4.42716914275143,1.07476178101604
-3.02372109128671,-7.53251400997272
-2.3150928439417,0.500959290110066
-5.270112189936,0.664805691496751
-4.72084029528971,-3.7968234867343
-3.87413296527814,-6.96209936153969
-2.00144663287099,-7.51781916833645
-3.13813262257424,0.310664668000922
3.51996574872307,1.58487513861091
-5.45827825499033,1.49665258732669
4.20312394881243,0.315685789076133
1.50938463827723,-0.230634860478126
-4.86584210813831,1.18652635955049
-1.42652113753237,-1.49952786415969
0.84515814099349,-1.42968786666648
4.51772342746695,1.32225376874338
-0.64744364831123,1.60846880241112
-2.6007629651628,-7.54143055340666
-3.55727023759163,-0.28590676299321
-3.8033363876612,-0.00202093417711963
-1.61617584027652,-0.564702613869119
-4.19872913936162,0.266919519810215
-0.561902400199097,1.17537841492567
2.24003567851257,-2.57108633533908
-0.295404206889671,2.32624745192965
-2.53598419704649,0.676215793971869
-1.30776355308397,-0.203169928385602
-3.17777517015683,0.231452925197331
-2.40923538187478,0.704693082683264
-3.90894078290794,-2.06100954458083
-1.17454935384203,1.60356625820556
-4.30670331462387,1.060146009884
-1.24247643375221,-1.21441738598545
-3.60353214950847,-1.86916407391793
-2.57387283536524,-1.94842661358086
-0.784506092017064,-0.98571222578127
-5.9095150783332,1.10920030525694
-0.697228236662639,1.80400040622679
-2.97484146178898,-0.707269377812164
-3.74201891854623,-8.19593214335704
5.95909162655945,1.7529726294522
-3.32663781866124,-1.61169238946482
2.09191937401938,3.32668066374596
-4.54277899391214,1.50806911805723
-4.63996861241552,-1.79912030537628
-3.02540040194937,-0.392951877021703
-3.10268704335277,-7.63598703304636
-1.23918457844074,2.03279862655054
-2.81654344181175,0.963576124525487
-1.87440603078926,-7.55997580867041
2.908025653948,-2.21555971676247
0.641716308774387,1.55204397199774
2.85445976897182,3.0357157968667
-1.5063144590872,0.873531325202419
3.05489377296198,1.96974791473435
-2.86082499358299,-4.04119555404045
-1.71436919990181,3.43362190459347
-3.31169759986621,-2.42790501567777
5.71247104471787,1.38326163660643
-1.78315728109448,2.46622052908985
-2.19626003505326,1.03685003038029
-2.23931292712363,-8.34520410316839
-0.693039993857553,0.961569375630869
-5.18411240836388,-7.6844384664985
3.33200392378474,1.46837641824873
0.968311629198643,-1.83728859829878
-1.2583302221806,1.84250546699016
2.60292382625386,2.37366815653246
2.2715248402539,-0.0567543716317117
6.44457636545959,1.18214985725225
-1.29644100942699,-6.62863012813008
1.2204820961507,-0.267528412180596
1.79977362699062,0.271132113578506
-3.23431182617312,-2.39611541797832
4.06631536343959,1.96874683013085
-0.443382292626107,3.04645408406873
-2.94798430335234,0.502335293371236
-1.8308049989267,-6.84393610453109
-0.69170621421727,1.38427015855381
4.24179751242763,0.841114419933522
-1.95570639708112,-6.37318750000403
-2.84225903025033,1.19138126925099
-1.91331330861791,-6.11665847425835
-4.78493088844297,-4.28403284239357
-1.54755943236701,1.41896607231499
-2.92777715187784,-2.19122826327179
-2.42885153969719,-0.998400177058322
5.2478507436458,-0.752945176196656
-2.8793097482992,-4.21660281256813
-3.00014634184236,-1.59783340003956
0.86930352684363,-1.73246402698158
-2.45030479059481,1.03984628486233
2.35830017310872,5.47212028709818
4.45519462191443,-1.69187049411747
-2.22883919157954,-7.42930904197473
-0.0250060111109824,6.25603072043322
-0.748708918105225,6.68910198054047
-1.45794661154637,1.40565660831184
-1.83987122180457,-1.3600887124599
-3.27584199142078,-0.449836459444035
-3.0360533346663,-6.69236869917898
-1.27899991810371,-0.479275891046386
-3.93316283174441,1.02022836988538
-2.63035486729173,-8.5021362000737
-5.09434575856837,0.750146884161318
5.8556336629751,0.552908656373883
-1.49444271488241,1.80910080049229
-1.59911510423281,2.21114851765553
-4.5850360055186,-4.43578115385986
-0.100333905207082,1.39881248264627
-0.654470599872928,1.03607786777323
-4.15895659783902,-1.79994164766049
-4.09970141945256,0.784012761348065
-2.39391494393839,2.95172236751129
-0.132738400888554,-0.10126004103394
8.01258233772717,3.33890171224649
-2.93783048571247,0.408492812440138
1.91914534981949,0.798033015049596
-4.07879146660808,1.17594205291509
-0.926192488244102,2.32089066368659
3.10754334457743,-0.176325829185457
-0.852309273919394,-1.74524943677617
-5.72720937528456,0.756497416587761
-3.99201240477527,0.852462080403808
-1.71393678815013,1.59119251237441
0.738626393678693,-5.40026041540595
-6.64933755141386,1.29327179773484
-3.1218063459145,0.538758186096002
-5.2936871857855,0.0129106810606616
-1.18419256428629,1.963976759355
-4.26851740035868,-0.194578417452435
4.66016737263045,0.276826169060074
-4.50716412261253,1.24301732522841
-1.69630829206423,0.5656599478662
-3.52386535566978,-9.47271554501978
-2.00957511803678,-0.399757698380157
-2.66701704027843,-2.15964065489817
-3.59881153998617,0.178075592673093
-5.853957034117,0.399615200323214
7.19418903617104,1.30190053611739
2.29972524812343,1.3749010948221
-0.284436614026439,1.13181255896901
-3.42774531037777,-6.60848438940629
-2.48129628996284,0.318705213505607
-1.99403511602844,-7.75071018523999
-4.72627138257301,-7.1542724938546
1.12091910561038,0.252095556974662
-2.98965336161663,-8.8918591307512
-2.47489661750271,-0.376341178102411
-1.3471618099501,2.60564561026879
-1.99808302667278,0.655033495734822
1.96807698827951,1.73589411059131
-3.34489605110165,-7.4132277541971
-5.9016310708677,-1.09770458314807
7.68735294794626,1.98806803607219
-2.7603692828076,4.00440091969529
-4.03701617204942,0.584212152728565
-5.82990051048493,-5.46406907997433
-1.65481671285546,-0.408845732323886
-0.130329644074803,2.24826148309502
-5.22279984370607,-5.90132783649658
-2.23470531328528,-3.14571584958432
0.0383319195530188,-5.62453758257222
-2.12706673785468,1.72057637430876
0.58873309356575,-2.18087710635019
6.14283505283183,1.02571156300915
5.6958549295139,-1.32862124342888
-3.49874433072665,-7.8756049731969
-3.61355102092923,0.5562852726851
-3.0443715573747,-9.1310183502809
0.380623379467519,1.47777820776324
4.19847184954062,0.614572748562039
-1.21658259281761,3.0626444904973
5.23033665402223,-0.464095909842212
-1.7680643982032,-0.143473331885772
-3.19147148920256,0.383743289158464
-5.1564158124266,0.675940182686818
-3.16687416126785,-0.447606066078971
-1.52074162305553,0.485047004633155
-1.17687304264858,0.0319222736051437
-1.03233099261446,2.3190631480748
1.69191022312311,3.39917246989019
2.22026731217907,1.72425616222752
-2.77621955674632,-0.820872415584008
-5.63433699955985,-2.6970035715399
-6.64025288730033,-9.09985002422092
-3.19961339619629,-8.20325474991293
-6.22307223536967,1.87503260562282
-1.26483664439269,-6.88968359059721
1.59860721891288,-2.47763060189849
-4.40690648518254,-0.336644869361109
-0.677950188700659,1.91967721184579
3.71793128286179,2.78705799546002
6.23020377038257,-1.29629661617882
-3.35253753373083,0.4553373653932
1.91554936552152,3.08141546642745
-4.75684600804327,0.348917574905661
7.50087169041246,1.69326103726405
3.22176097401847,5.9149032056364
-5.80483935290248,-4.27254164131308
-3.79878598927374,-6.84234041514833
-1.12742424315008,0.294024697962522
-2.34075923319833,1.3482029917265
-2.97902162403416,2.05398933621148
-1.52929182579576,2.02695444359586
-5.25334754426731,-7.65804631678855
-3.06008995177479,3.00731411957648
3.00151992305405,0.00780678427598891
-4.13379942523893,0.401610588195235
-0.934937245306341,2.49049827520471
-2.9047302763065,-8.56390472398823
-3.85120867212189,1.08759459559592
-2.47855565763942,-1.20555820707133
-1.83863949113483,-0.0502942747448732
-1.89098882963121,2.91482378797259
-5.0713931182692,-0.443452393019449
1.16454947233945,0.057862049075855
-0.0196803653760258,1.27465581572881
-4.65991743480741,0.694853640956371
-5.0836941092814,-5.98841308353468
-1.44543812105273,-0.185037001415557
-2.84669830230155,-3.87945282321605
2.49730842484796,0.893058284308364
3.92316591648913,-2.19866334785167
-2.62860314820038,-0.22862322682602
0.0288250454084352,2.29764439046937
-0.835818221221585,1.61885140775127
-2.41965054986467,-1.01793650693259
-3.5445066879116,-4.91054750907703
2.93020766275665,0.909673696612065
-2.37324708457122,-2.34018981670923
-2.62230821705534,-6.43935507137917
-3.28340574631544,-2.5666673758238
4.76981767001647,1.47910580438513
-2.63455883806048,-2.40058069602676
-3.38870393866738,1.63595810285878
-1.35228246074867,-6.00072729934054
0.065636757877534,0.703070856781891
-3.32822855066823,-9.32703290569448
-2.69753962548931,-2.91198457890936
-3.02452843751816,-4.90342675843374
-1.13054966538506,-1.21269648780249
-2.65930078202679,0.0103845000612353
-4.57769715860141,-3.84786067763268
-2.51029216540816,-1.69450595589069
-3.67636976084998,0.958782844965681
4.40004328193203,-0.840512508734375
-2.2193985038242,0.739869390939791
1.42818591011015,0.243515784599715
-0.828252793576371,0.0266660739573132
6.67633945654203,1.01468299909623
-6.46227826769006,1.07986455566883
-1.26062756070089,1.94975121155158
-3.95725552371777,-8.25447016595906
-3.42109924699142,0.799501716207838
-2.68072636608507,2.24972106227037
-0.202277567852235,7.21728645523751
5.78353137384853,-1.00769166590741
0.583690933897807,-0.543999917916623
0.753557201792971,-0.778553457467777
-2.68910695275011,0.391127374613991
-2.54358915073012,-0.153246579654754
-5.07354841787586,0.30544978984377
-1.92810957733791,0.288662917355098
-5.58452226100942,1.54968350143078
-5.68217698935332,0.542518886887735
1.69110676785682,2.86694091490129
0.83964108017555,1.81497734470554
-3.70040078844359,0.737656395787706
1.71621054036402,-3.03653697897844
6.24545981480175,-0.492003667359848
-2.02027292281742,0.182049966430533
-2.99762943952324,0.348556226161394
1.64880855810899,0.825690680273298
-5.16684856443346,0.389003135458913
-2.83298468356308,0.515957700620755
-1.51455199908969,1.88520750322395
0.420853788243472,1.43506311528817
2.51422607700454,0.715101177081905
2.73073621952346,1.89922315501231
-5.86820482663942,-3.58483640665168
-3.0474674293154,-1.59676353418353
-0.0663575625240098,1.06225809799518
-1.35992508324698,1.32341249898695
-4.0110769240052,0.0736492370343734
4.82020377402526,0.257217065304529
-3.43420418654454,0.910137668947332
6.9974020685437,0.0745782883536381
5.97099384631369,0.272548450011001
-3.76977817497554,-5.94696796196841
-1.83603908335397,0.0499158003798448
-3.36280930283387,-4.2147136262622
-0.958975954262394,2.33922699470686
-3.35593188266282,-8.05637549916879
-1.42456756401617,-0.30879603396798
-2.54142815062065,-1.70055009354512
-2.3218096102874,1.40640065217106
-4.5966468630842,-10.0251927367186
-5.164856880153,-6.05784226105977
-3.81921686679974,-8.79785668980412
-4.41245460741417,0.10468480649935
0.111977203301502,-1.02977411674327
-3.21971531488485,-6.29571450140012
-2.31434873009479,0.399523963021456
-0.526888630881923,1.58185723713071
1.89153226743557,2.8558281188181
-2.03489478000738,2.53315582898274
-3.04854231198646,-0.273618291045455
-3.06873272657206,-0.337648797297282
-0.835879108242739,0.36079202728978
-1.70332607548086,2.38964677510572
-3.84558848609566,0.439013907974132
-1.91645359241265,-1.01224023588006
5.34816650221217,-0.535525333353772
-2.87763807928426,-2.08787309911466
-1.74652702478014,0.446065928982242
-4.55327113515676,-4.93408645243898
-0.646202537205054,0.744503991187101
3.90176115737977,1.00189885070455
-1.21715106989531,1.61209557219519
-1.06296713682899,-0.55415534561996
-3.64027114170135,0.647095833715698
-3.57787238239473,-0.11105184073221
1.76377237880116,0.450191508678311
-2.89964804094623,-0.185822583205864
-8.31130969119221,-2.24244573707648
-3.98065471695247,0.919424751092846
-3.12657046678047,0.222508350283924
0.656110458137339,-1.26272833021492
-1.73350866394964,-2.31875137555516
-2.61528003490505,-2.23055901274471
2.07396852336834,-1.70374984956629
1.06837567914708,-4.14275726113996
-2.28002657041409,2.30389443863185
-4.29320682451924,1.35479062121695
2.66719603010308,-0.965811853090125
-3.43059857515018,0.554749642217908
-6.73464665205741,1.60849513467407
-5.84432498453165,1.159177017025
1.14031973293107,-1.23204035708381
-0.7437404226446,0.045431666670516
-3.29245295797888,-6.98605427962125
-1.50795501963626,0.0820702207403462
-3.24116437515377,-1.93256175677267
-1.17327495578752,-0.911022976022722
-3.78241777282735,0.945402485479943
-1.83694072103417,-0.856766303823142
-3.01287344655163,0.761548291758277
-1.75546303795775,-1.89562583385446
0.700262530710174,0.144285170143696
-2.66778903438965,0.535688996626845
6.31172705898955,0.314826216452977
3.57393837141612,-0.397695764762472
-5.28026334269588,-6.46418255047949
-2.93938707118565,0.228767221136677
-3.03502718609713,0.225092186550245
-2.14130301816411,-1.10128917599906
8.00534533797976,1.59842700474853
-4.05700305728003,-0.119809573577295
-7.84497143337221,1.12216364820219
-2.7846522010553,-3.5157819035659
-1.17880916554748,-7.47936481856614
-2.48334174984485,-9.30424347526398
-2.42889912587897,0.305849951105657
-1.77772620656306,-2.03586586857571
-3.01374742331061,-1.86417665422663
-2.27717962059401,-0.106653241266261
7.12843321272894,-2.17578057488905
1.75350640648626,-2.99032741232479
-4.0886569325938,-7.40066561416548
-2.96087852014705,-7.50827676061191
6.49884749940362,1.87818850148014
0.566368224430663,0.686150748281661
-0.401630596090957,1.70079485647633
4.20030804869596,1.5358935328059
1.24145094989708,0.428873067011633
6.28329457324553,-0.364284639098062
-3.91737714686956,-2.34917640873983
-3.17944923004626,-0.912059085425688
-0.0541465063459317,0.337550355900182
1.7422700670572,0.616190460793785
-6.357143344557,-3.16748877353286
1.22311160043977,3.87418755808171
-2.61534814750296,0.656044012963083
-1.99820007311918,-0.402787575548906
-1.46118618913303,-1.43857828188865
-4.90968507210476,-3.64157306065267
-4.47484325558373,0.264473509691578
4.61740626754533,-1.51058100595597
-0.68115059391146,-0.451538368760023
-3.31718982273682,-6.46466056453626
-3.6702824906166,-7.49043111412621
-2.09554505964835,0.799491991676062
3.77192192006823,-1.74224406378542
-2.2412298266296,1.6308872079329
-2.13340099198973,-0.530983937739781
-1.71771957281339,0.491633938977197
-3.99758287601894,0.812286619678958
-5.436853965714,-5.29982837506281
-4.60083081870463,-6.34901447851759
3.662508266831,1.42762635878357
-1.44426048880122,-1.12697180259553
-3.22291810634969,0.566223524737407
0.628292831696578,-5.86549786125388
-4.24542871092632,0.893941782311574
6.14088059825064,-0.670542660486691
-4.65682258224711,-5.75548984613729
-2.51381507233626,0.546004421862861
7.8273743961665,2.75821256080674
1.254632717515,4.64478366408708
-4.51065736520708,0.621769777598288
-5.17268405606815,0.604271975000574
-2.36811171177568,0.486030439025311
1.02399226232969,-3.7784353523242
-4.05533509449725,-3.7080534790254
-1.40122319428044,2.50147654292026
-2.79071800493228,-3.49602774703911
4.47431418707889,-2.17927680499363
-4.64707518534434,1.19811221316332
-5.26405985966791,1.0903621600288
-0.137391169116003,4.20804044245867
0.380012558841847,0.577598263695846
-2.89716354422362,-4.17939174332013
4.93833117852812,-0.0301043335570648
-2.47651291006318,0.0140275554819065
-4.00663612482011,1.23327844511698
0.174198779291157,1.33672159224633
-3.79839735330052,-0.343263227155603
-4.48751369327044,0.310612543462498
-2.26427194792038,-0.289696263980055
-4.86821197803346,0.841990266099567
0.0811024097859852,-0.0129207690657341
-1.60078789865701,0.196226454340758
-2.95824518267798,-8.4421426852636
-3.4386415010362,-0.290293390741348
0.921873980849465,-0.12500754653207
-5.30083393989931,0.399008093532192
-3.16928906554597,-5.42320396823177
-4.19633697748345,1.52321745093357
-3.65511746219331,-6.83943175424965
1.98380048493772,2.40973504099336
-4.92095273610426,0.908121966677397
-2.20010664101628,0.782360287775475
-4.36175205012673,-3.24846412267964
5.36842087634311,-0.935841946780822
-5.19968567804825,0.417614030944116
-4.95155710093704,-7.3607684948713
5.8333770768537,0.130332080956872
0.0657270302518208,-4.83287495157427
-4.11689108133835,1.21878284008884
-3.26503311566622,0.339228314346544
-5.69572429637808,0.129638565778125
0.857689086776151,-0.571749401416995
-5.76309961608139,-7.25055306493803
-2.74844764880305,-2.03362338468753
4.77843794095016,0.240072762224557
-5.65434597597802,0.424662283713816
-4.76815288283371,0.86056746190552
-5.05103239302319,-4.63255632439246
0.237097064482262,-5.66456064431666
5.28317435979684,-0.835482421941817
-4.79907130813869,-4.54166218567199
2.24839210851136,-1.42398430392089
-2.56173506411066,-0.339243941070443
-4.5925573332049,0.212226915679439
-2.82939272151238,2.17771652981747
-5.56069928373253,-4.25158622451848
-3.32537422973848,0.780040329381186
-1.89510295083645,-7.89187452695374
-0.53701300443037,-0.720679956786684
-3.51507469053714,-4.78969722884493
-1.54666548100015,-7.46168946020678
-3.74609711692465,1.0307886030954
3.77680285357028,0.0969304515328882
-3.44379799529266,-0.130831191784209
-2.99516544139598,-0.634949310048894
-1.2122714408828,-1.52231357592242
-5.89108837432786,-4.30260552423996
-1.49555824138071,2.27671015242231
-5.57469072397281,-8.96855151553602
-6.59300035845018,0.827537913118728
-2.39835797104474,-7.37835166267932
-2.32746468498893,-0.565420685822529
-1.11899870133304,1.26722628213491
-2.00318646820114,1.98115459002713
-2.39455447469612,-1.40197788711977
-2.88294714304431,-1.83537149457426
-4.79286746041674,-1.43385594664753
5.55143487753752,0.884892270181913
-4.89312851114459,0.326026401063851
-4.89093688857389,1.12400541292143
-5.07393884608015,-6.31112500560351
3.46151101601146,1.57804058102468
4.57446321275028,-1.85291200796406
4.18617513917336,-1.91012775286258
-5.96833425999942,0.995880186828543
-4.85008866658431,-5.19335423818656
-3.17880455360808,1.16114339882151
-0.0447923115207505,1.2695366704193
6.83786764748628,1.11808043948777
-0.515305401597495,0.807917536331317
-0.329955599553945,2.38347383227204
-1.85210854201184,-0.746072213234408
-1.12764500561849,2.59643087427001
-0.496868114321413,-0.790190455694675
0.0162532614814603,-0.0932861363456372
-2.57933778041484,1.94828208274144
-2.39272140659355,-6.22269505498622
4.77947675456573,-1.06182172794201
-2.32790694028834,0.0772356368914871
-4.05867054521764,-0.395489715804141
-6.70080617262168,2.43110324924353
-3.59796918557149,0.706892118666297
0.0242533641615559,-0.452076583983023
-1.06935793295202,-1.00791570538333
0.513926379841962,-0.429560659085294
-2.63604138017579,3.15987359412519
-3.23850430537857,-1.05316124239991
-4.16626428103139,-5.29748885486815
-3.06110186569371,0.438161914335662
-5.27948256590368,-4.94993118371211
-3.34240172173413,0.130073195635335
-3.91856927436401,0.982706838717786
-0.430197111104018,1.92299994327112
-0.940535549785206,1.89458995154836
-5.53593057206451,-4.04111586563209
-3.41187561507071,2.07589040995799
4.61517709242349,2.10598028903393
2.55328612334526,2.48494588477532
-5.23840065090893,0.0423270061445375
-5.44678818616695,-0.158821649824633
0.416625076356798,1.01400890744775
-2.50399168815628,0.254263593908876
1.25386619287441,-0.460170237245711
-0.996262660663952,2.26069944772705
-0.641792484328766,0.953654182020804
-0.0932364060397474,1.29890315411084
6.89280737704176,1.00190726053538
3.68631975386243,1.66918750971262
-0.0601251741655378,1.52048504538968
-2.42782698373488,-1.34010579202152
1.92278650220658,-3.03536630591541
-4.68231803240456,0.678259186151828
0.880179143486069,0.416643505898567
-1.5084044023915,-0.797976758079549
6.94666750006162,1.30586204371706
-4.3172680930235,0.264146042433712
-2.54695171360219,-7.01418918502426
-4.33769447110924,-0.885402983382906
-3.44335182516501,0.150776608649457
-5.22297325177928,-3.00212296501712
-1.11415821179905,-0.333864736643606
-3.37324894672439,-0.282197437420736
5.2626078378166,3.86926188679053
-3.97157484870634,0.550847786127732
2.2542351151748,-3.05700479003647
-1.85733494778803,-8.22490211355573
-3.30105765240899,-6.9622099600925
-0.0167588657092446,1.50630249552901
-4.98752125150301,-9.31159600231942
-2.20914429583721,-3.04263922573795
-2.28076726180348,-1.67248581464942
-0.708548714569783,-7.65179630171756
-4.88596284905684,-4.71592309914679
-6.16169433117794,-3.72578788972493
-4.13879489084191,-4.76369675270122
-1.72202036107823,0.916381052603189
1.49928878760104,0.0444784561366863
-2.85543784495197,-7.47975708804653
0.797251087560104,-3.98805088854078
-5.36972947274295,-4.65121269695384
-6.56696657600498,-6.07358263881994
-2.93304991807019,-8.59831483995818
0.458647210365192,1.28259635410326
-3.34079723169016,-6.76473147914629
-2.3506185680135,0.238527713295542
-5.28125426023707,-3.42629507213705
2.10296275162362,4.43714639505146
4.20373964269664,3.73738869914026
4.50894559490623,0.896985289344799
-1.54372980847969,-6.88131126312369
2.93031324969058,2.03958765943478
-2.39109396029824,-0.0129750508130883
-7.80457175485211,0.779925878710387
5.96453894544399,0.0824548640724526
0.223122505066575,-0.0552214597875293
-2.89583367713197,-0.767596168749404
-1.52582627251737,-7.07295497055379
5.38203941637742,0.392107911709159
-2.02675538786466,-0.117186565360102
-2.94077978825352,-4.47660380922211
1.18218481399356,0.483221416727973
-4.33353917453755,-5.92567762521414
-3.59125758890385,-2.32920439347321
-6.39072824019129,-6.49172448387469
-3.38857952045712,0.0289421242792259
-4.50343997952063,-5.67332461975769
0.689576639190099,0.741817919211672
-1.61228046682342,-1.41476808209374
3.72489158487166,-2.42543751160494
-4.07145681591195,-2.21764962940284
-2.13803409023482,-1.1919682768234
-3.36665797429108,1.36958035460557
1.12597551626592,3.37050217195669
-4.19151458818207,-0.0409702101338494
-4.97119719635806,-5.06207853612138
6.66700779772987,-0.501430907027242
-6.87367108339259,-2.70448373337947
4.29234962548507,-1.68849746218673
-0.93467402578014,-0.933121352813006
-4.34719409932832,0.166695300336231
2.47849261883598,-1.91547811198629
-2.9255774869756,0.186170196236232
-1.68845184574817,2.73558610898134
-1.242777619232,0.776644655141671
-0.342159638509877,1.22857241814362
-4.44907091782453,0.459366506748604
-3.96599976338354,1.31009165310047
1.90316064126179,1.26199058682577
1.62449751871778,-0.259814014544981
1.3284037136242,1.03856388781849
-1.69571860770886,-0.296760795227103
-3.66668686463251,2.38514349434497
4.98096746983681,1.40802549052275
0.470806874166478,-5.24162271054235
-2.84926967315187,-7.56650441962594
2.79174403013766,3.44320679270865
-3.20155883201247,-5.20459115039045
4.58330698986202,3.39288480433547
-3.11003583209309,-7.60057671776386
-1.11831759572825,-0.920521120580691
-1.7425730239939,0.127186131911006
-4.54995803168459,0.194326428566375
-4.7373794259178,0.795477482194647
-1.71550245978638,1.05971246412477
2.85223674336552,2.12238306955014
6.92832248192731,1.12829842724287
-2.50004073197874,-7.40676489228665
-4.05172532132114,0.0540411403461966
-0.353718766913713,2.33518571757746
-6.6561235838636,0.580746305566804
0.180411005257377,1.27529448114105
-4.64196242702959,1.31598096182865
0.729905792074419,-0.242713338226331
-1.61138119891386,1.93634348317
-4.85865320927399,0.543652006744888
4.17183375698047,0.623721791396659
-1.13034884705883,-0.136357631450732
-2.43617466976662,3.3097806543025
-2.26500020873415,-1.39860089550587
-5.2947434890322,1.44507809130447
-5.61614837070545,1.26706504268782
-2.16212318264319,1.86207330978846
-4.9615639143099,-5.78716231058451
-5.04387188317588,1.00095777891885
-1.46892510561636,-0.853052108979848
-6.14847214131497,-5.62983466233289
-4.39497489262195,0.648013811901754
-4.66383908143545,-0.399540617428271
-2.67171343973744,2.43304229456054
-2.68859933488572,-2.37702540989758
-2.48143757361207,3.63538369492592
-2.02846551954225,-0.659570353345812
-2.94298347387831,-4.46103083043282
-3.20295698268031,-0.263192073893494
1.28685691373498,-0.419545806171005
-2.46846457976437,0.0999147389053157
-0.890794543925445,2.1962553052294
3.59583689415058,1.97169813869245
2.49282403304253,2.50843305485876
-1.31798399799322,3.00351517434178
-1.61144694233868,1.45026265306419
-1.08579697391135,-1.21300452127902
1.21971932466398,-1.09162183504958
-1.89125721969693,-0.224998484787297
-0.593662953512799,-5.92516154588338
-0.724873229499265,0.938526924538572
-1.31262965709108,-0.902838035794943
8.08730370428529,2.06805299397059
-0.287622116648399,0.67042506584
1.98851261952116,-3.26331443873532
-0.644434938705176,1.47731210367173
-2.27353471891496,0.10390200794074
-4.02554208294954,-6.22160800834712
-3.67747312243504,-0.988000550913571
-2.03565074047721,-1.69700359946895
-2.56128648408417,-1.9933411942355
-5.08165053568346,0.783777208302668
-3.41041570285388,3.34920066839748
-2.52604110302123,-1.57860333872775
1.11774592899004,0.874101370141994
-5.53915252319849,-5.36052192444716
-2.85864435467517,-4.03018501719005
-1.54668251087604,1.24889058424269
-3.51443947265095,0.515127679599129
-2.46859899194554,-6.98789824280322
6.51002083936592,0.0267363880460723
-4.03138072216118,-7.88700766641864
-5.83157596035994,-5.19144207322482
-2.15075098744265,0.281540327391566
-4.11804340537724,-6.14789202508357
-2.68180738273606,-8.62436210994463
1.99031246113685,-0.51559815684322
0.510240995139052,-0.360660774845939
3.41976191366706,3.46681515364884
5.01675665903879,0.123844465304405
-1.48169321538975,2.14795232282271
-3.29676667479771,0.63035518155822
-1.14996153536028,-1.56564729147273
-0.310203236850357,1.91011132672746
-4.03212323953701,-7.22946032823465
-4.91629733176743,1.79507214237146
-2.15106631350379,-6.24598249302429
-6.68668897581647,0.905054078622084
1.40408902158866,-0.293287083060039
-1.61708023324951,-2.37241515288315
5.51682596425684,-1.35666061687296
-4.18677700419769,-9.6640575801988
-1.42580029960205,0.263886536230833
-2.51751844050882,2.41265619938216
3.36281026961713,-0.889982814654935
-0.368405299553207,2.18765387010095
-4.53053760694529,-4.94247187297976
-0.773350348936683,1.81899551526464
4.53304260251803,1.45364845300888
-4.47887448385956,-0.0324483582488313
2.62981980086555,-4.03002071814012
3.97475363316001,0.109774955684406
-3.29478607334693,-7.27650944932655
-7.49978539607877,-3.40008620423627
-4.00985066580185,-2.55265864199583
-3.49100537521636,-0.382150601574232
8.63888969132689,3.01937164873373
-3.42732215314729,0.465306955537465
-5.18922540860777,0.656150950165821
-1.85059819835802,0.547171731040019
-2.83931646949188,-1.71160333906518
-0.585217159309246,1.01774484663368
-3.29011189914701,-1.98125871484389
-2.46497083218694,-1.7067098034482
-1.56796800718901,-1.6442933297932
-4.19162554549046,-0.188583374944385
-4.25436087626188,-1.16170135607731
-4.33760512057548,0.307223693370477
-6.58182223316064,0.713856827511536
2.16617849065781,7.79733663027359
-2.62883133751519,-2.39848278776934
1.89807781752761,1.16975306266462
0.263757853067979,-5.89950246928759
-3.68840906608849,-7.22574984484883
6.39905890690083,0.702091021417351
-1.92674079927471,1.72250868058408
-4.21728593028454,1.24060692112141
-1.91196520357073,-0.971243331725491
-1.43040820144802,0.276364259707118
-0.979143411690294,-0.0942884587665009
-6.22794730614944,-5.29882498057782
-0.441390785224175,1.77775699146096
5.97279869222235,-0.0465310496661507
-2.97455515089853,-7.91773416944374
2.49426252056325,5.07093043573272
2.32940269770526,0.42058409184443
-2.71753399507443,-3.03254123211449
-3.11724125810833,-0.465190560930447
-2.27752392613823,0.464792647391637
-6.43109196272023,-2.0246709563007
-1.60204601114341,-0.565982415607036
-3.49986087591173,0.797000140190762
-4.28427094683292,0.0723915594043135
-1.18314369656072,0.250421708617586
2.2666734806434,0.478425271927977
-3.28061127729132,0.859149331290092
-2.57186597925942,-1.93512437635068
-1.61283569854104,-0.186286861731275
-3.03419356154428,0.797665988206396
0.337144203399697,0.639362814251234
-2.77704773223353,0.515054167280829
-4.33518916719773,-2.65410885857498
-1.90969663868877,0.801883984604257
-8.32028193986095,1.47866220565489
-2.81905535481333,-3.58746372020241
-4.2705934868848,0.118775361124283
-3.04413744667021,0.328839164326162
-0.836905344847468,1.71194399612143
-2.41402225755629,-7.60165368352684
-6.24893033652568,0.0366185242924359
-1.75266789204518,0.327328247353862
-3.54769307315844,0.72058026352697
1.70172127730739,-1.19521438365929
1.21502338447534,-5.28567283158097
-5.54786606632023,0.492646243798544
-3.69621275140303,-2.03313515465358
3.99449547017289,6.51592517436568
-1.43983789851481,3.19097379761727
0.0579691685774452,0.72378013613292
-4.46543499793986,-5.38615439334514
-2.27111874521251,0.0453285746666114
-2.9998187472344,2.31053965661572
-3.0665991517999,-8.40177587542899
-0.38230281037977,-6.6954945591617
-2.97169708718662,1.48692109676881
-0.274342688237017,0.646464079103924
4.80056724107794,-1.27241240912314
-4.17974626212903,-8.05210231036626
-3.46621491296085,-8.26198024781536
-1.84157064221783,0.323785214236499
-2.31663286252167,-7.50737541916752
-2.05604548323819,-7.74416908437811
-5.10393058160607,0.968441177710384
-4.25995110823253,0.733812270173416
-3.04184549497224,-5.30507368053145
-0.61458839370503,-1.11945581101351
-7.50613308685002,-3.76210708012323
-1.82790063636309,1.79251208198765
3.80535220796584,-0.993841307101983
-4.40109431252244,-8.88699130707534
-2.79344649493549,-8.5168371521144
-3.33884062100361,1.73444321275375
-3.54547768224974,-7.14145456221101
-1.35817578855493,-7.4615687005052
-0.0457916280131503,0.661693428141431
-0.918313119864321,0.238455975901181
-2.70902281970707,-2.94002048513162
-3.33839220713794,-5.42432494649438
-3.17092643365615,0.846131156748517
-1.50058924675545,-7.31100617284713
0.774921883368441,-0.143616498269734
-4.1686339901894,3.56452638915338
-0.794784370258477,-0.392920905564782
-2.66584220030091,0.48512337326872
-1.7195921043643,-0.758230854980405
-1.40497925660262,2.00536056857218
-2.29832556315105,-8.22732055129405
-7.84717959062632,0.689066146371825
1.61442293348261,0.373596886372229
0.127806139999882,-2.56433687463747
-2.82026241907992,-7.97170756869906
-4.75050189481032,-4.43467995329857
-4.28695509245507,-1.0846919868758
-2.17462028723291,1.23925041992805
-2.75895434863305,-3.3068288540606
-3.87539345383127,0.74295595725405
-1.10855851798096,1.95783365557406
-3.88575865253874,-6.80925866929266
2.47289879747704,-2.54887172936291
-0.972346513978129,0.038239854940282
-5.13665875516527,-4.44678158181915
-3.62186720645785,0.131619697863345
-1.3506971962641,0.0753143697051331
-1.81227299573933,0.981088921458408
-2.28162399505445,-0.386409881258662
-1.866985530757,2.56205131708276
-2.26808426696977,-0.0135925759397519
1.15505186540875,3.94798315006476
-2.46256489540556,-2.08909119551431
2.02621356588253,0.180541905458474
-3.08460568170438,-5.55106889572998
-2.22195459466413,0.0307372613606856
0.136733572290213,7.13045188232585
-5.12235331659163,-6.21497261225921
3.3936144895009,1.50267601478259
-1.07980663889121,1.17013423158344
5.33409250210377,-0.439429508604336
4.31653916890358,-1.24696376235869
-4.72870144835993,-9.19113761637471
-2.0611102822441,2.0101074185578
0.955465922741295,-5.46884020139055
-3.11432658086075,-0.860538300097121
-3.91996944134968,1.00984420870998
6.24909334643761,1.31608837191989
-0.840327487498192,-6.95573666521685
-3.63724914437961,0.429939013585889
-2.87681579019843,0.570060996152421
-0.806340028099974,1.80483206140581
3.70061549588561,0.924210483235228
-2.74727440072535,-7.48318730444639
-1.38698219803185,2.24316926313773
7.90079504058578,2.0467572914311
-2.75338077622668,0.606355489208122
-5.86652068331539,0.0332565993416087
-3.25835447725061,-6.76061235980399
-2.70055475929618,-7.91686662379001
-1.46828613227096,2.13741155608869
-2.70831551555459,-0.0392264388627738
-0.0330571290394304,-0.95386391391338
-1.52060803185262,2.81052122973613
-3.80886383717036,-2.06466573293456
2.35060965706968,1.787355230773
-5.97943573630017,0.767131357535928
-0.843457286399102,-0.266197366779181
3.88724995152034,1.41191327264943
-3.99095532988411,0.0937080836690661
-2.17040226314515,-6.190596744251
-3.73385395054089,-0.0556398484051524
-2.11244649654347,2.19419200985198
-3.43560033511904,-4.54866827153376
-1.2073045981866,-0.662113376435287
-2.77247629252925,1.16991111766312
-4.10567573109758,-8.31084044384627
2.574534756618,-0.968690239535491
2.87859133266257,2.6413206354914
-0.548044117948469,1.88062205970087
-4.57958141239772,1.19499488273906
5.40971584724809,-0.343835264263443
-3.34625088828795,0.0112352347514785
-6.84857850156984,-4.56551751629197
-0.943414949622932,-1.12569886260408
-0.0705207363391787,1.20849181976851
-0.900171539276843,1.61714101402234
-0.873169777250696,1.76252983265486
-1.69938381083167,1.60753575396396
5.6701273458303,0.455689946831892
-6.38293539604796,-4.56957158094778
-1.15988814928837,0.472147735512833
0.660558893103393,-2.92989428885528
-3.59073005618359,0.344642447549646
-3.04923206087032,-2.04563190372518
-4.48956639903068,-5.81894191566824
-3.8397666268497,0.743704762110289
-4.66666272776771,0.994933586705909
-3.43889702993579,-0.691465068535464
-2.6153055283338,-0.0271291484902017
-4.05933682243294,-8.69002486740665
-5.67795299775686,0.622131213804054
-4.31278700260761,-8.29401385255377
-3.38466767925672,0.342507090249079
-4.93314570188523,-0.337173311205698
-3.60761531158996,0.575488413107282
-2.21962874764531,-1.81006969686743
-2.55247389491312,-1.96462314124332
-6.77221500171625,1.04011787109171
-2.38890164168727,0.892307077341746
-4.35337975904234,0.563020898051047
-3.85193958783749,-5.65253669910961
-2.48375570721517,-0.591822337606013
-3.07453199331826,-1.30088460343193
-3.27086623053041,-6.15496956401863
-1.38082516694999,1.80394657264711
-0.536796495054215,-6.29795910813404
-1.32411372142611,0.729069813684649
-3.54208777513579,-7.22583741467745
-2.53390583787254,-0.243769043791816
-2.94717563826142,-4.51952293331274
-3.91901340464688,-2.25958943344615
-2.60770474656327,-8.81667328031197
-4.94435464866949,0.948319750180135
-0.847548102774605,2.58364358069979
-0.825747150978021,-1.88049477165164
-3.60443658335057,-8.35799662231943
-2.02631090289261,0.16092893481089
-3.10995888165484,-7.39320541541361
-4.74954697173566,-0.692042339266931
-1.89809275318366,0.999295455502925
-5.57874445256703,-4.72777012779049
-2.95637614044278,-4.57177479693705
-0.381611833223323,2.1578729399963
-3.42528709230172,-7.80775450394493
-1.55107313385484,0.822957549254115
-3.68954317232797,3.4554176707378
0.280631079259038,-1.60453080981827
-3.16368558228032,0.110152137671282
-4.05362125185677,-8.76258264557699
-6.84915650980414,-0.938245892316034
-1.677063983348,1.74422612328169
2.06683792268456,-0.583318702964062
-2.56285567403631,-8.12693373339956
-1.41390489655189,2.06914198882855
-2.80233929785707,-0.437120816193853
-1.02838407042579,-0.808937430380811
-3.888187278752,-5.51371962150865
-1.50972279702921,-7.54612062238492
-5.07671840245498,0.229656177673161
1.0907680749053,-2.37122121554084
-1.89059600094816,1.49636037974202
3.27314158842636,0.136720769820762
-1.06061736813891,-1.60986329783992
-3.06096157175722,-5.40069510443243
4.43539333550794,0.5433667628817
-5.05107605924346,3.98702237274116
5.24094628531886,0.527217707227037
-1.35842199124565,2.04268276867143
-2.88572454280645,-0.142393647822913
5.28127035308243,-0.988335459308582
-2.72902705245933,0.993985727015887
-1.18205573265647,2.27073327222592
-2.11240125673564,-2.66682718182598
3.72694703526561,5.55561474414757
-3.4730014854841,-8.31784666408822
-2.8575091698068,0.707773919997779
1.04843415086961,0.759962868692295
-1.73453478191046,2.44722290074043
7.96673714254731,0.546252314246995
-3.07941806753093,-2.10831675723537
-4.52352143169004,-7.48651406970687
-2.1407748290789,3.10044161451341
-2.91239020078154,-8.78958916957851
-3.94761470266641,0.0559657703649397
-3.36438968591786,2.02692194790603
-0.119554639986661,-0.0296018535387937
-2.53791508968379,-1.95240564289582
-6.06099758773747,0.868526212389845
6.29599641722918,0.140824438247327
-0.287499885498609,1.40031922162666
-3.13616223542069,1.65143036681774
2.02767431067214,1.03717611990892
-4.25658005281727,-6.80251023346954
-5.59739535815599,-5.29595610692541
-3.40702689102906,-0.468254478531322
-4.17095827653667,2.62842585823908
-0.558044259476268,1.68136243377748
-3.20420439068547,-6.7672695453648
-4.34121689304648,0.339712005124884
-3.659596790572,0.76947982690985
2.17792065321987,2.75002592124327
3.88365845734489,1.20875411740172
-4.72613483772641,0.864388906305177
-2.84243279442865,-3.69495488572532
-3.0910281102081,-8.21814471398869
6.254106231276,1.21937275553425
-4.87344470058664,-4.31523145225518
-0.201976410136781,0.0708888351605416
-6.95364525662436,4.8725551807676
3.05614223435828,-0.0655729601387254
0.372177510250337,-0.527860956902349
-1.00367406799,1.21764550912661
-3.17921657429323,-7.47134888717883
-0.972307139923211,-0.14548250007183
0.191623422098685,-0.180673283174981
3.7673008145184,1.27099519045441
2.81188393677978,0.305082759211143
-2.15574248243279,1.52531786310956
-1.54468964500146,0.423960356980111
-1.32205927521809,1.57290104881261
-9.41185994375217,1.44815135138267
-5.45193857747496,-0.235127865526321
-2.88568447997381,-7.00997683356817
-2.71758921640617,-1.94435830409909
-3.4065476141811,-8.6609990581791
-2.85202569753817,-2.08854395320788
3.61688055685399,1.24243249924933
-3.53304335734211,0.0161896721743641
-2.2659255304043,0.0940273149412638
-4.94601097856583,0.620083734366198
2.51917189438007,11.9346783478098
1.1730533524567,0.49450536556211
1.28166070074102,5.12555679433287
2.40270300658137,2.56897638267683
7.07099863907873,1.59629720427014
-3.78945013962449,1.40328599169086
-3.02700500903784,-0.361573079423089
-3.30065898356805,0.988038531536032
1.68340810309221,-3.27400673232618
-7.2245062101474,0.773912582450685
-3.39914399291461,0.109446136628697
-6.49926893035367,0.665809329626057
6.08382713446678,0.589480436023475
-2.49960643548248,0.337391811112096
-3.75901446885717,-0.0431490912960784
4.91522140667469,0.521879722391617
1.96132520655546,0.846215118666172
3.6467996885348,1.68729208817021
-2.88423988956454,-2.08735870773986
-7.03057257660831,0.739138667894073
-4.57292265554299,-0.202573047746592
-2.86064459590141,-1.33867843116717
1.36237727139618,-1.12114955120151
-2.08625480706147,1.80384032132839
-5.41467270022153,0.971502694617873
-3.3276790397116,-5.8693191629072
-1.86946580273956,1.69729897572891
-3.67042458726392,-2.72611370588729
-2.4751567189015,0.393915650396051
-2.02260106455983,-1.68877297374959
2.72527918287876,-0.0562972132869007
5.01566411965967,0.930305037173257
-2.21795184541815,-7.71298159358074
0.673567512532507,6.50804489538376
-1.12533869075501,1.63409792117309
-4.55760359013615,0.583749850728621
-2.57216318852383,0.878772028302228
-2.69962094924867,-2.91766989629062
-2.34555067423306,0.199938171180299
-4.65943065207174,-4.05063509240702
4.97593626785846,0.0518511099240737
-3.05887294433971,0.605688672200946
-3.68401506109489,0.714862806688359
7.23432198858353,1.46402932256805
-1.58853238055423,2.07345647812463
-2.52091058656005,0.404081320423893
-0.465138482055016,-6.16671319790133
0.248645521961335,0.499665353097218
-1.94988420490735,0.216697019830712
1.99342583529389,4.05588958932365
-1.28809306240042,0.53009670277013
2.08312594736819,2.89077764469113
-2.57439149586776,-7.57209617914144
-3.720627259059,0.222736185382638
2.81384100914616,2.08616748750051
-2.96059928754056,0.849623067933035
-4.91204110451856,-9.15889930050298
4.5028808020882,0.894455252684653
-0.959731633374892,8.1230759831532
0.516231895804435,3.33521287457536
-5.60312952548057,-5.94221517498329
2.57642246919946,7.1372378891745
-6.43994810841449,1.16619933293661
5.57569313390791,-0.477748901548486
-1.19979329128627,-0.557948543278188
-5.86815580426532,1.53616568669818
-0.323699607848386,1.67229773372113
-0.20064327663516,-0.67668659478524
-2.83696173252423,1.87064169482517
-2.84820309903706,0.115277537238594
2.55852406695739,-0.459911789435615
-2.6667278022553,-2.75740548878062
-1.30807747534479,1.42902491147845
-6.92387388055761,-3.51389093785147
-3.07988994187152,-7.05708006583568
7.57613377742959,1.41758585684942
-1.74539422610668,2.12333429183703
1.1936650913239,5.77557523200004
-4.49238494622592,0.684969438481301
1.92764065730111,0.0743633361405385
5.81061606996502,-0.074860219117011
-2.06497173217043,-0.39115902920285
-3.3904535936945,0.484280451874748
-1.28012335201018,2.26777180595328
1.20192653867206,-1.24992225685316
4.58315121337712,0.118279874929172
-2.6005923416417,-2.22614716274247
-0.383216577480971,-1.00109981409856
0.282621680288907,-5.71235493082615
4.61107998901989,3.75044948499655
-3.66851306462675,0.519787615047528
-4.05774106800416,0.350120461152907
-4.04893997555609,0.507229287927579
-3.73177442600069,-6.87187601450801
-3.95370370417319,0.647090557887713
2.72629872614868,2.08939592421349
-5.20909812516036,0.69052370005816
0.173448778434867,1.20054225951509
-4.0754631081937,0.582458072592657
0.444180866155087,-0.359625836323731
-5.69944773473166,0.567791617993772
-2.09369821484918,-1.67888548206205
-3.83569555026351,0.732105338421581
-4.28099955139599,0.973921813266385
-3.42450936994513,0.632010069044917
2.467061570876,-0.356066983495524
1.11328760602203,1.81916936041406
-1.18331381839753,-7.16038483160984
-0.915791629804171,2.17592634138633
4.26166574412392,0.753836754818301
4.34212862326196,5.69064971330168
-5.75420092061689,-4.3462618630724
-1.19561667154486,1.02428091855071
-1.5651908320916,2.41099948660215
4.55647092129737,1.10604538349099
-3.41385843911746,-6.17821798982963
0.215693277480634,0.0356337073774436
-2.247289459502,0.401582277144702
-5.60236995992199,-5.51678207956246
-6.29567188896001,1.48249419551381
1.28409532719077,8.35141351572066
-4.67958276800061,-7.84181226773603
0.925397679539586,1.64828881047213
-1.44838717953386,1.53692638155635
-1.13943017325897,0.756114003777374
-4.15756404837088,0.309949218328581
-2.32738606689642,-1.88793150512885
6.8508720102214,0.82261439929958
-4.16161121651103,-8.60415818192775
-3.96488203805651,2.98799413349239
3.25936881523638,1.79040028977228
-4.08165210872713,-5.49224762714081
5.02862810995059,1.87141137651111
-0.304618842329503,-6.29781941084203
-3.07828818700398,1.01650240713989
-5.11538426291178,-5.44948547723396
-3.83964482627931,-5.92616148956381
-2.44444116508096,-1.63671629729654
-4.09634639990258,2.4085124526943
-4.52929702090803,0.56537779393326
-2.46943712024134,-1.14999092502714
-1.77991659499225,1.40275811312097
-1.31883051812485,1.5960217574886
0.285316261889008,1.12819094459298
-1.57380872687808,-1.19800768530354
-6.11846678065589,1.06234539694067
-1.78579074990168,1.55576620870555
-5.56867022492092,-0.462085114536537
-1.37631031073929,2.22834005495483
-1.61947198532719,1.58670131695494
-1.6865833349785,-1.09792518104344
-3.88732181813959,0.122612170308251
-4.85115492120802,0.507063150401242
-4.9732061749404,-6.17721333796447
3.00702460375266,2.64845471225078
-5.17609574619641,1.28746956410678
-3.33916153805414,-7.04186735595576
-4.85710998246981,0.292913204352709
1.22409795930611,-0.277930789588178
-5.33718244562049,1.14914759278916
-4.97020963842628,-5.24660420961795
-2.16409090779247,0.93059777112559
-2.17439242159442,0.486479581935754
4.53946036724308,0.607864634624814
5.85958669506306,0.0102979056358936
-2.71872202674201,-3.12615029309991
-1.94284191917602,-7.19929141186076
4.25615010708253,-0.547676179297238
3.28501890690642,-2.61203030916115
-1.7170304023854,3.38403850507725
5.31742572195885,-1.00901650031993
-4.91122739589175,0.994280081111348
-1.92765447661699,-1.74307815075124
-6.68717827560035,0.42326261758169
-0.0214231085523171,-1.39537765200519
1.41496327816012,-0.331179373218747
-2.52380864750021,3.39671922210221
-2.99925473872828,-1.70089357011344
-3.93608611153786,-4.58565121528436
0.947000386813989,-2.80160124844158
2.26500274887211,0.522707617436996
-5.07074370247906,0.125393903366393
-3.84725343005595,-2.47019802075118
4.01237899349092,0.910604643733385
-5.02010317692778,0.876269401601074
-1.01096507299041,0.40644518625967
8.55573571799354,2.63277739430908
0.62927306519157,-1.89923644269908
4.09427908682452,0.85484870010348
-3.82681804456003,-5.87267107778869
1.72955578077163,-1.71563917193176
-0.295024348890474,2.44125980836491
-7.11298551810303,-4.14585919902449
-0.627401244992275,1.88777393467903
-3.45277465983935,0.0591376863713337
-3.79215735508662,-0.0944458489343124
-2.53011910865683,-1.64095893778714
-4.92444638482192,-5.89951594637239
-3.19896965847239,-8.29032723342277
3.39336254521701,-2.69108771644014
3.58675892379456,1.92164702909537
-4.52346206946775,0.54871815279283
-0.603798073257482,0.421242729158477
7.13579516385203,0.802055798882191
-2.23657084970459,2.11907631702512
4.97454165091894,-1.52472847059022
-3.97990118909035,-2.55573139142362
1.43394027789723,1.64248924278632
-2.70269134088073,0.9267002271474
1.54368885811366,4.55376654276845
-3.43811144666975,0.164336329847659
-0.570221820197474,2.2204224940329
-0.114289552247318,-1.91285031735855
4.59165751922031,-2.17251815447926
-2.85548545862949,0.299959963103758
-0.682644117397162,-0.865293924135174
-1.0962075023301,-0.334566557309201
-3.7158487162638,1.08967196924239
-3.30750738260179,-0.821198495768564
-4.19767802365431,-6.7250005251323
-2.31694182182147,1.42830044882174
-1.72687759193175,-7.78888851501122
-3.36007370069201,-1.61935147748296
-4.5669699277461,-6.21890433139521
-3.74520057566804,0.592130467801723
1.47597612118127,-0.274365044008317
-4.7930965604303,-8.18849553306848
-2.14532023261388,-0.625303937688393
-5.99232068989143,0.697418983501834
-0.0931547199082725,0.853382733505006
-4.24775395750145,-5.71878483623966
-3.91342113950384,0.482954455264564
-1.85224053311548,2.98226384597615
-4.06353920829629,-0.224893276034208
-2.92332404563387,-0.0931017659693937
-3.80952646034542,1.43133145848069
-3.97738788417164,-8.53660972382976
-2.47855938130678,0.452529729947624
-7.17689434741269,-4.33709315825917
-5.62671594053705,1.37936916489883
-5.37594199106002,-4.31718616660511
-5.03988471774179,0.815894924326157
-3.27474586815658,-0.0140391929133337
-2.89205355476595,-1.40053550823362
-6.15362919728631,0.603443668815149
-3.13820531882202,-5.95102778074723
-1.83120206134806,-1.63253451650348
-4.69225755911505,-4.38156104226898
-5.54446882818621,-7.80334057392696
-1.94040587200952,-7.21329046581231
-5.5561111161627,-4.25033279215691
-4.06264166879906,0.717229154180707
-2.52511046463157,-1.89837719380232
-1.28109779624927,-0.924293235875876
-4.93074796160937,1.1195538866751
0.801559595482992,-2.00097848105765
1.86175282918195,-0.3432697785711
-5.33641476627077,-5.69566356028521
-2.3915836188728,-0.807192485813189
-4.59216227453218,-6.88981551876395
-4.83932198746812,1.6432470588804
-1.52051665328596,2.96677788859248
-1.38393177931067,-0.902043914915715
-3.82247509485305,-7.83890552538224
-2.57409134780281,2.73538895481195
-2.13695873362422,-0.557937058546221
3.22756628182856,1.38604286646053
-2.89602281534994,-8.02778633526744
-2.63074849189148,-2.39759322618524
-2.53417587597997,-1.21005899782753
-0.470878908279949,1.91055046173497
-0.347615052494974,0.738673473441259
-2.57177840573284,-7.73133673228165
-5.10846168804936,-6.20475191347621
-1.12589344715913,-0.113319185563377
-3.22173107812073,-0.0693641239147922
-3.87086312591401,1.19397166103525
-2.70202585540772,1.23535236434809
-3.14386625764501,1.64909280902246
-2.74514900962019,-7.84465737621751
2.30714186607705,2.66686247309994
-0.150214639859661,1.47739492450369
-6.4128069384359,-0.492953864787729
4.85786893697984,-1.49231348586924
-6.01840544002607,-5.0074928957887
-3.19376170823688,-3.39668032973778
0.0683641240558481,-1.11304766964367
-2.15829706915008,-0.0839443273072487
-4.63796379268582,-10.182151116608
3.59456669951242,5.66592926755765
2.22649529005447,0.356651969722701
-5.05439723456084,0.0970868088450416
-1.65020909897792,1.39293854514643
-0.795258402644511,2.2067333331965
-3.39485428830561,-0.186155897823907
-1.99451275962393,-8.26586736852772
-3.02608142110494,-6.81102745732707
7.5083879326343,1.24403559396053
-4.54658613216989,-7.45931053409185
0.976792769531624,6.53748961551899
-1.50428485557913,0.8249372801863
7.59346246203605,1.31218546828664
2.60058064274624,2.43397157708519
-4.4846711482507,0.621375801904778
4.91504772926867,-1.10450045702162
-2.10308052939128,1.89934177131659
-3.07446556778512,1.0090200851035
5.84510309968939,0.171531596233451
-2.30158728020188,3.2687537893066
1.38597309624601,-0.0115745027133011
-0.301219979111221,1.61912194988089
2.31727515925595,2.72661133034746
-2.82498723007954,-4.18770978767628
-5.93540805568622,-3.44615011009567
1.31940694867428,-1.36783871361687
-1.28598420319962,1.56558190690771
3.28886969009008,2.02806869036439
-7.10809678107312,-0.957792147647909
-5.37413735326117,1.09963039268933
3.20985606359894,-1.85317464572852
-1.47835271162187,3.05105417164353
-3.13374962141616,0.871205201712693
0.0554281177358994,1.83025191122414
-4.53860264246132,-7.51073266194251
-0.594656139856789,-0.0545141419804905
-3.36321114171445,-0.782641123395971
-0.0285014027786012,4.12030837969421
-1.34471751767137,-1.01124214315776
-3.8320271886363,-5.02471649533503
-4.16074780811734,-2.51466013224309
-0.438483176052863,0.684844010995232
-6.82769199921364,-3.74396116292463
-5.58931814710276,-5.315533038791
-3.22263706978761,-6.24115968453606
4.59246478850503,0.599791877672974
-2.51533387822009,-1.49901561024214
-4.18986892151008,-4.63585904685326
-4.35208207397439,-5.49256185222441
-2.57413497738872,-1.91646536263164
-3.30385736367425,-7.27644802318461
-2.31750758263169,0.0383706024075106
-0.395149334894555,-7.75580508537735
6.91677636257054,-1.98071673409663
-3.20455729837553,-0.959654985132429
-4.13877312946031,-7.24735433673053
-0.683356981406049,3.69375194398306
-6.19541927584663,1.91926656501123
8.60179286364671,1.10169828456582
-4.87262448714768,1.35214206312776
-1.81690156008009,-1.30371011037274
-7.05263196837045,0.962748348642727
-3.15008008940765,-2.05022479479364
-4.73067830573883,-7.03872219523496
-5.94244770732067,-6.1685934046135
-6.55303038967658,0.556444720215669
-2.17411187311621,1.1773013572438
0.475448018472286,2.15615469498383
1.20011884608443,-0.425105353905817
-0.720724916763594,1.64098294239797
-1.05443135135034,0.72920368808895
-7.12724694591094,-3.33299873738355
-3.60152194718784,-0.120368956236457
-3.52406492871376,-6.71048070315838
-1.08322895290157,2.01201302916864
3.97350809019965,-3.18477864739086
0.231797994377052,1.14221108842556
-2.55992588392071,-1.91799470483006
-5.44108277489991,-0.0436998986152612
-4.63862141185262,0.960751221934849
-1.561697552896,1.46731969237821
3.12688769098884,-0.0599626468010486
-3.14977389539942,0.0121443876850585
-4.41508374114561,1.16018701688133
2.54459373688315,2.55557749514779
-3.47913911361812,-0.759163728365226
-5.54162638546321,0.177928183968065
-5.85755296958333,0.23530408002478
-3.38365096548864,1.51221551899612
-1.44889042165157,2.12097309052262
-4.64228880519378,-6.30642587119225
-2.35604138496468,-1.09680561331987
1.07817794000903,0.818817700795942
-2.71867591233992,2.98607584590304
-2.05384996224403,0.377591881897883
-2.87739580304755,-7.61562164066099
3.64755338482052,0.930910459682116
-4.75845770090651,1.08257090153054
-3.10079646913818,2.62148497851849
4.1524677267834,0.972920631840235
-2.89561356126531,1.21196114500965
-2.64696633422688,2.23197704490954
-0.934897901839479,-0.255719411781502
5.37527321974538,-1.39671610925592
-0.0932830742781992,-0.684648720730129
-0.602086712002766,1.92729439980175
2.02708251394679,-0.293570662403207
-2.22944692736068,-0.100266481712845
-2.81008698967798,-1.74791503927861
0.774066542024122,-1.06056464114762
-5.24135774215179,1.24117074927785
3.00679593183439,2.19768424510158
-0.9698805074595,-6.96061557210035
-1.3422066241448,-6.89235449636914
1.83547823380361,-4.32716287859187
-2.36391580702484,3.17538448514788
-1.10140623315334,2.32792818260777
5.42043258357325,-0.0477358135930982
0.290013259035098,-6.23335830665762
-2.86067918374784,0.215485089478272
2.37856796980271,-2.83390175784498
-3.98541013564051,1.16230544310597
-1.05266101123108,-1.3111225278904
-1.56990598407802,-1.91456882388773
-5.72508745792579,-2.83533463167441
5.89696064090642,0.883863789196725
4.45873366459192,1.17076099144826
-1.72117606117349,-1.02848575357897
-2.84621658797943,0.359096397591602
-4.02286660691146,1.26752390030844
-0.121193834149843,1.12784014677717
-2.88739953875506,-7.72387399101799
-4.28755614900342,-7.73298030114989
-0.328223656702033,-1.09830393302128
-1.50762316197711,-0.120106378250655
1.15548831402214,4.17028477527769
-1.84384914189271,1.64792630402242
6.6557312128075,0.787545121142307
-4.40825910464745,-2.72285838834308
-1.36906640720505,1.72257615827569
-4.3189022713827,-8.1100525533372
-4.64665498071518,-5.04096118619065
-2.91318144392456,-0.135620351232804
-6.64166180716258,-3.59391279554855
-3.2506682282553,-0.359720235172186
0.443965316153077,0.525472173885602
-1.52754412530274,-0.716046709387359
0.590503273718554,2.05545912957417
0.333026278399854,-0.125885008940298
4.67354937400969,0.445873454700351
-5.64206250926306,1.07266966634862
1.59490144469655,-0.680100357028434
-3.23865097467009,-2.00588644079091
-2.87647230426878,0.197672265135316
-4.88321704792765,-4.05616025995845
-6.19602696480539,1.08061138660747
-5.55385788518633,1.08062875990105
-5.73590041724364,-5.39323132524938
-3.73353878694046,-0.209727015387004
-1.15402202112571,2.04465017932578
-3.49977760584764,-0.0251495958350988
-3.66558299442238,-2.83043009624945
-4.44156616234756,-2.37098097169643
-1.20880581948362,1.40311335745321
-1.07065174040822,-1.53375948678381
-0.416034313010311,2.76235936140835
-2.36624810630608,3.5038567984981
-5.29012118371029,1.82035315103162
-0.0286359046467131,-0.976073348384673
-1.78204736408863,0.330800702089678
2.43868322884456,3.78936983151695
-4.40949693759375,-0.298148936016591
2.5014486857781,1.4178712148333
-3.83269750636797,0.84999569866379
-6.63559432887907,-3.51683868422315
-0.777066956370829,1.52442243626506
0.197226791585894,1.19406940496256
-3.60893943481662,-1.9251473670627
3.94558222988926,2.10931692791062
-4.0263449281187,-6.37734107844413
3.36905335602282,1.21692542691884
-2.52847799626508,-0.996016745726758
-0.894048618617909,-0.262443941455568
2.6170049409362,1.15364958638266
-3.27146820008542,-0.407692836346567
2.06204537850439,0.620428289077867
-4.22437728623274,0.965188478677805
-2.61292910095112,-7.12112292058122
-6.84550785811186,2.8376179036224
-2.31007718453234,-8.44123644171066
-5.15214854403023,0.726679134286069
-5.06635964926449,-0.278843218253328
-4.2401207524326,0.541582800116082
2.53224063648052,1.3120794754489
-3.58068095108542,0.245965630683621
3.19820336833361,1.48727548651087
-2.09482909421135,-7.59115694483135
-2.09614806900429,0.982368498246351
2.75109798048647,3.05235828279467
-1.03618849429854,2.08881905038044
-1.91053495747436,0.887517576766971
-4.64946677107476,-4.57206178149351
-3.15078189058376,-8.76912832895195
-4.70948957681697,-4.11920076865515
0.628609077247817,0.211679102450741
-1.07451503153713,0.884376345417371
-4.4412285014872,0.220570870918955
-4.5693265323688,-5.47193201097627
-2.64217286021765,0.456404385523329
-4.90730830435623,1.27350082109494
-2.82556117730508,-1.69532414547523
-4.20632525855299,0.676247167068607
-0.984382734212418,0.71529556180383
-4.10976007553811,-7.49941222580092
-4.89993701841383,0.936937086388166
-7.57520560486371,1.18724632564302
-1.64126174636143,1.43535402740324
-2.52896755798467,0.337715649844485
0.966059649084724,4.08772705576351
-0.388028626554588,2.88358014845376
-0.233778649049264,-0.239959804846116
-3.73326579010847,-6.01425080735646
4.00517635712306,1.22000736593615
-2.5937842893596,1.42737587701166
-3.06342178344504,-0.256213623896299
-3.96950341878275,-6.44357143900879
-6.25193948378321,1.194500716122
6.94916745242884,0.466957079601578
1.07077335228628,3.04770691741518
-2.94369614932374,-0.392871075546505
2.80667362232621,2.02934541457221
-2.66940760174935,-0.549983148938752
-2.93102749811315,-7.44125922903059
-2.85146755062847,-8.28518894421595
-2.30094535724606,-6.6755832371942
-0.945650290438819,2.09267728140599
-2.70564821558489,-0.00895247367637114
-5.45455075383542,0.666317874843971
-0.317784744113558,1.65026138165537
-6.28042604270557,-2.52256654660009
-3.87913906884824,0.614590282020896
-3.19693348470486,-6.21928186890112
1.96857027524367,5.24480871609409
-0.939159404490704,1.80897656040519
-1.94298777896277,1.15181090691249
-3.67651868381375,1.04596043948639
-5.60607210911613,-3.42533005663667
-3.80245399101736,0.678917003219883
-1.84979223066507,-0.634822189099982
-2.29597316099366,-0.275086297424599
4.71223467284998,-1.01293968130264
-2.60436965552414,-7.91423242173172
-1.28712602860013,2.08370391847681
5.1174536996654,-0.367758431722314
3.01946294159318,1.99778428267863
-2.80988865436853,-1.49870967558848
3.1217316934233,1.76172877703965
0.375804684497659,1.49443367735272
-3.18598345644982,-6.05014786013755
-2.92366322537549,0.695236466835673
-2.76716814600045,0.340668031159832
0.526400298909966,-2.33034901213613
3.22838614714294,2.40409449315383
-2.55503017548655,-1.95057734399228
-2.71110414348391,0.3366157366647
-4.38660052804695,-4.31952658282293
-0.247608130080733,-0.401384374298977
-0.281943340608097,5.52147232473135
-4.90536558889402,0.803486213704688
-2.98687416455869,-1.65325274595825
2.49531755108531,-6.10488968967746
6.62328106254528,1.87932705709408
-2.90828927866869,-1.90583197519754
-1.84441826190506,0.0158234076050663
-6.92547583667893,4.80216318872959
-2.80550937979192,-3.54450817703174
-4.47658783187529,1.42937390384887
-4.45234340557805,-0.519372325486136
3.63896511633697,-2.54838477178405
-3.94010343405271,-7.99808012477248
-1.51441369318566,0.108778119866578
-6.06621764837568,-5.65994389840515
-2.58825274685262,2.61568148780233
-2.31458266479253,-8.88591933794408
-6.47073793582157,-1.96465351952616
-1.77633595709579,1.09884546280696
9.69960010029261,1.27756695026711
-2.30561216602158,-0.0406102624051747
-7.27473790550786,1.12777236886919
-2.39417813834042,1.81182036600337
-2.33499010378606,-0.388965772859257
3.83272398713827,1.01615012702642
1.60724685254222,3.3417930810028
4.14689170597944,-0.637761076597808
-0.777917684419513,-0.0830708098147543
-1.15306733499929,-7.13980021987786
5.11567927096181,0.0269789912181323
0.558414322202522,1.10317516411733
-5.64334152370778,-2.87714520546277
7.12973364234125,0.619036678837563
